599.778 0.227444
600.743 0.216101
601.707 0.192239
602.671 0.180642
603.636 0.177622
604.6 0.16982
605.564 0.158096
606.528 0.15116
607.493 0.145417
608.457 0.13633
609.421 0.12671
610.385 0.120122
611.35 0.115714
612.314 0.1095
613.278 0.104177
614.243 0.100336
615.207 0.100433
616.171 0.110984
617.135 0.133182
618.1 0.124942
619.064 0.0879623
620.028 0.0781742
620.992 0.0758359
621.957 0.0718114
622.921 0.0717789
623.885 0.0721009
624.85 0.0720791
625.814 0.0705137
626.778 0.0679161
627.742 0.0626143
628.707 0.0598387
629.671 0.0670775
630.635 0.0694881
631.6 0.0673197
632.564 0.0716705
633.528 0.0778384
634.492 0.0818219
635.457 0.086023
636.421 0.0828598
637.385 0.0843794
638.349 0.0870243
639.314 0.0911435
640.278 0.0960154
641.242 0.0972497
642.207 0.0997352
643.171 0.105864
644.135 0.11202
645.099 0.11473
646.064 0.1186
647.028 0.131147
647.992 0.149624
648.956 0.161288
649.921 0.151173
650.885 0.145348
651.849 0.146985
652.813 0.139033
653.778 0.140264
654.742 0.154692
655.706 0.143825
656.671 0.130198
657.635 0.141209
658.599 0.146972
659.563 0.126868
660.528 0.111362
661.492 0.12125
662.456 0.1193
663.42 0.08795
664.385 0.0728445
665.349 0.0822226
666.313 0.125087
667.278 0.337206
668.242 0.848897
669.206 0.536972
670.17 0.243268
671.135 0.137674
672.099 0.131543
673.063 0.140923
674.028 0.138113
674.992 0.140961
675.956 0.152018
676.92 0.158909
677.885 0.158511
678.849 0.153509
679.813 0.153869
680.778 0.160638
681.742 0.156576
682.706 0.143515
683.67 0.140145
684.635 0.146324
685.599 0.139416
686.563 0.124597
687.527 0.126006
688.492 0.134547
689.456 0.125377
690.42 0.105497
691.385 0.0998224
692.349 0.10262
693.313 0.0950217
694.277 0.0805441
695.242 0.0762428
696.206 0.079213
697.17 0.0719634
698.134 0.0590695
699.099 0.0542104
700.063 0.0558953
701.027 0.049847
701.991 0.0395688
702.956 0.0388354
703.92 0.043307
704.884 0.0400633
705.849 0.0312242
706.813 0.0294375
707.777 0.0329789
708.741 0.0288039
709.706 0.021873
710.67 0.0222313
711.634 0.0260287
712.598 0.0242665
713.563 0.0202917
714.527 0.0206673
715.491 0.0231778
716.456 0.0217084
717.42 0.0192893
718.384 0.0262145
719.348 0.0536554
720.313 0.0781102
721.277 0.0501036
722.241 0.0230889
723.206 0.0213253
724.17 0.02014
725.134 0.0196569
726.098 0.0220517
727.063 0.0238412
728.027 0.0224914
728.991 0.022799
729.955 0.0253746
730.92 0.0256344
731.884 0.0228421
732.848 0.0234823
733.812 0.0270943
734.777 0.0274082
735.741 0.0241389
736.705 0.0246701
737.67 0.0284915
738.634 0.028221
739.598 0.0244447
740.562 0.0264889
741.527 0.0317879
742.491 0.0301283
743.455 0.0242001
744.42 0.0249173
745.384 0.0298178
746.348 0.0292486
747.312 0.023387
748.277 0.0227571
749.241 0.0285176
750.205 0.0295921
751.169 0.0234445
752.134 0.021893
753.098 0.0284204
754.062 0.0310034
755.027 0.0245019
755.991 0.0210393
756.955 0.0273253
757.919 0.0311021
758.884 0.0246253
759.848 0.0196942
760.812 0.026008
761.777 0.0315222
762.741 0.0255202
763.705 0.0193741
764.669 0.025316
765.634 0.0317937
766.598 0.0264744
767.562 0.0192025
768.526 0.0237951
769.491 0.0315122
770.455 0.0275848
771.419 0.0194303
772.384 0.0225043
773.348 0.0305188
774.312 0.0280017
775.276 0.019638
776.241 0.0215578
777.205 0.0301636
778.169 0.0286983
779.133 0.0196946
780.098 0.0195582
781.062 0.0280882
782.026 0.0288844
782.99 0.0206812
783.955 0.0192948
784.919 0.027169
785.883 0.0290778
786.848 0.0215335
787.812 0.0182142
788.776 0.0249985
789.74 0.0284803
790.705 0.0218188
791.669 0.0171893
792.633 0.0229914
793.597 0.0277316
794.562 0.0221703
795.526 0.0167202
796.49 0.0210866
797.455 0.0263233
798.419 0.022982
799.383 0.0167684
800.347 0.0186157
801.312 0.0235931
802.276 0.0214381
803.24 0.0163968
804.205 0.0175228
805.169 0.0219546
806.133 0.0208253
807.097 0.015826
808.062 0.0158749
809.026 0.020486
809.99 0.021028
810.955 0.017014
811.919 0.0158043
812.883 0.0195521
813.847 0.0209908
814.812 0.0174521
815.776 0.0155824
816.74 0.0183913
817.704 0.0201961
818.669 0.0174246
819.633 0.0148351
820.597 0.0168624
821.562 0.0191961
822.526 0.0178215
823.49 0.0156916
824.454 0.0166346
825.419 0.0185671
826.383 0.0183111
827.347 0.0166316
828.311 0.016547
829.276 0.0179608
830.24 0.0182186
831.204 0.0166575
832.168 0.0160963
833.133 0.0176557
834.097 0.0186803
835.061 0.017637
836.026 0.0163957
836.99 0.0169058
837.954 0.0181929
838.918 0.0177246
839.883 0.0165298
840.847 0.0169081
841.811 0.0180598
842.775 0.0177305
843.74 0.0167841
844.704 0.0167546
845.668 0.0178513
846.633 0.0181788
847.597 0.0174642
848.561 0.0172987
849.525 0.0180342
850.49 0.0184017
851.454 0.0180169
852.418 0.0175712
853.383 0.0180311
854.347 0.0187212
855.311 0.0184258
856.275 0.0178139
857.24 0.0179645
858.204 0.0184608
859.168 0.0184658
860.132 0.0179207
861.097 0.0178282
862.061 0.0183231
863.025 0.0184457
863.99 0.0182594
864.954 0.0187738
865.918 0.0191468
866.882 0.0191895
867.847 0.0190856
868.811 0.0189294
869.775 0.0186438
870.739 0.01857
871.704 0.0185672
872.668 0.018479
873.632 0.0184477
874.597 0.0187722
875.561 0.0192156
876.525 0.0195212
877.489 0.0194764
878.454 0.0197193
879.418 0.020167
880.382 0.0201945
881.346 0.0201057
882.311 0.0204322
883.275 0.0208436
884.239 0.0209232
885.204 0.0206168
886.168 0.0206102
887.132 0.020733
888.096 0.0210394
889.061 0.0211078
890.025 0.0208483
890.989 0.0207935
891.953 0.0209076
892.918 0.0211316
893.882 0.0211635
894.846 0.0209734
895.811 0.0210022
896.775 0.0210611
897.739 0.0210155
898.703 0.0208637
899.668 0.0206957
900.632 0.0206251
901.596 0.0210992
902.561 0.0212312
903.525 0.0209902
904.489 0.0209962
905.453 0.0212352
906.418 0.0214316
907.382 0.0213814
908.346 0.021207
909.31 0.0213924
910.275 0.0214969
911.239 0.0213139
912.203 0.0211937
913.168 0.0213954
914.132 0.0217966
915.096 0.0218027
916.06 0.0211998
917.025 0.0210285
917.989 0.0214634
918.953 0.0218421
919.917 0.021587
920.882 0.0213898
921.846 0.0217944
922.81 0.0220336
923.774 0.02153
924.739 0.020999
925.703 0.0211202
926.667 0.0218403
927.632 0.0220106
928.596 0.0215374
929.56 0.0214019
930.524 0.0220066
931.489 0.0222497
932.453 0.0218217
933.417 0.0213638
934.381 0.0217175
935.346 0.0221544
936.31 0.0218961
937.274 0.0215221
938.239 0.0218613
939.203 0.0224164
940.167 0.0223194
941.131 0.021751
942.096 0.0219654
943.06 0.0227907
944.024 0.0227959
944.989 0.0220293
945.953 0.0219866
946.917 0.0226475
947.881 0.0230919
948.846 0.0227774
949.81 0.0225578
950.774 0.0229023
951.739 0.0233823
952.703 0.023317
953.667 0.0229459
954.631 0.0232918
955.596 0.0239381
956.56 0.0236907
957.524 0.023446
958.488 0.0239865
959.453 0.0246512
960.417 0.0245718
961.381 0.0241044
962.346 0.0240592
963.31 0.0247178
964.274 0.0250303
965.238 0.024739
966.203 0.0246968
967.167 0.0250997
968.131 0.0254304
969.095 0.0254035
970.06 0.0251031
971.024 0.0253842
971.988 0.0259392
972.952 0.0258545
973.917 0.0256426
974.881 0.0260819
975.845 0.0265078
976.81 0.0264275
977.774 0.0261064
978.738 0.026156
979.702 0.0264865
980.667 0.0266791
981.631 0.0264771
982.595 0.0264783
983.559 0.0268536
984.524 0.0270465
985.488 0.0266582
986.452 0.0265898
987.417 0.0270307
988.381 0.0273241
989.345 0.0271027
990.309 0.0268876
991.274 0.0267751
992.238 0.0270306
993.202 0.0273108
994.167 0.0273283
995.131 0.0273144
996.095 0.027582
997.059 0.0275317
998.024 0.0274326
998.988 0.0275078
999.952 0.0275701
1000.92 0.0276032
1001.88 0.0277458
1002.85 0.0279218
1003.81 0.0280515
1004.77 0.0279625
1005.74 0.0278576
1006.7 0.0279594
1007.67 0.0281284
1008.63 0.0277801
1009.6 0.0274724
1010.56 0.0275041
1011.52 0.0278128
1012.49 0.028032
1013.45 0.0280945
1014.42 0.0279041
1015.38 0.0278237
1016.35 0.0276956
1017.31 0.0273957
1018.27 0.0272272
1019.24 0.0276101
1020.2 0.0278959
1021.17 0.0276905
1022.13 0.0273358
1023.1 0.02747
1024.06 0.0277898
1025.02 0.0280373
1025.99 0.0279893
1026.95 0.0280649
1027.92 0.0282099
1028.88 0.028185
1029.85 0.0279274
1030.81 0.0280134
1031.77 0.0284431
1032.74 0.0287283
1033.7 0.0287071
1034.67 0.0285395
1035.63 0.0287923
1036.6 0.0293224
1037.56 0.0291265
1038.52 0.0289242
1039.49 0.0292452
1040.45 0.0296684
1041.42 0.0297759
1042.38 0.0296835
1043.34 0.0296802
1044.31 0.0302821
1045.27 0.0307893
1046.24 0.0305387
1047.2 0.0303554
1048.17 0.0307563
1049.13 0.0309432
1050.09 0.0308367
1051.06 0.0306236
1052.02 0.0310524
1052.99 0.031746
1053.95 0.0317736
1054.92 0.0315108
1055.88 0.0318278
1056.84 0.0321942
1057.81 0.032305
1058.77 0.0319763
1059.74 0.0319205
1060.7 0.0324701
1061.67 0.0327325
1062.63 0.0323503
1063.59 0.0321921
1064.56 0.0322146
1065.52 0.0327759
1066.49 0.03302
1067.45 0.0326041
1068.42 0.0324852
1069.38 0.032855
1070.34 0.0329155
1071.31 0.0327329
1072.27 0.0327661
1073.24 0.0332887
1074.2 0.0334739
1075.17 0.0332358
1076.13 0.0330636
1077.09 0.0332793
1078.06 0.0333949
1079.02 0.0334258
1079.99 0.0333785
1080.95 0.0334108
1081.91 0.0333568
1082.88 0.0333659
1083.84 0.0332997
1084.81 0.03326
1085.77 0.0335138
1086.74 0.0337709
1087.7 0.03342
1088.66 0.0330046
1089.63 0.0332009
1090.59 0.033603
1091.56 0.0335632
1092.52 0.0332318
1093.49 0.0332073
1094.45 0.0333157
1095.41 0.0333584
1096.38 0.0331245
1097.34 0.0329217
1098.31 0.0330518
1099.27 0.0331134
1100.24 0.0330021
1101.2 0.0329287
1102.16 0.0331928
1103.13 0.0333152
1104.09 0.0331158
1105.06 0.0329886
1106.02 0.0333878
1106.99 0.0335066
1107.95 0.0332603
1108.91 0.0330669
1109.88 0.0332168
1110.84 0.0337212
1111.81 0.0339899
1112.77 0.0334523
1113.74 0.0332899
1114.7 0.0336526
1115.66 0.0339031
1116.63 0.0337739
1117.59 0.0336549
1118.56 0.0337431
1119.52 0.033934
1120.49 0.0342587
1121.45 0.0344722
1122.41 0.0341129
1123.38 0.0339432
1124.34 0.0339194
1125.31 0.0339267
1126.27 0.0338786
1127.24 0.0340404
1128.2 0.0342945
1129.16 0.0344419
1130.13 0.0343359
1131.09 0.0343484
1132.06 0.0343348
1133.02 0.0344187
1133.99 0.0344214
1134.95 0.0350134
1135.91 0.0353734
1136.88 0.0351176
1137.84 0.035048
1138.81 0.0350509
1139.77 0.0352235
1140.74 0.0354791
1141.7 0.0355843
1142.66 0.0354031
1143.63 0.0353815
1144.59 0.0356953
1145.56 0.0357414
1146.52 0.0357059
1147.49 0.035713
1148.45 0.0359277
1149.41 0.0363414
1150.38 0.0364249
1151.34 0.036453
1152.31 0.0366284
1153.27 0.0365759
1154.24 0.0366204
1155.2 0.036583
1156.16 0.0364348
1157.13 0.0364854
1158.09 0.0367523
1159.06 0.0368708
1160.02 0.0370813
1160.99 0.0372451
1161.95 0.0371633
1162.91 0.0371009
1163.88 0.0372585
1164.84 0.037466
1165.81 0.037552
1166.77 0.0372867
1167.74 0.037181
1168.7 0.0372685
1169.66 0.0374067
1170.63 0.0375387
1171.59 0.0375984
1172.56 0.0377438
1173.52 0.0388756
1174.49 0.0399642
1175.45 0.0387452
1176.41 0.0375884
1177.38 0.0374231
1178.34 0.0373224
1179.31 0.0374041
1180.27 0.0376771
1181.24 0.03797
1182.2 0.0379086
1183.16 0.0376925
1184.13 0.0376447
1185.09 0.0376127
1186.06 0.0382585
1187.02 0.0391458
1187.99 0.0382727
1188.95 0.0374871
1189.91 0.0373512
1190.88 0.0372501
1191.84 0.037363
1192.81 0.0374683
1193.77 0.0372798
1194.73 0.0372221
1195.7 0.037175
1196.66 0.0372449
1197.63 0.0379505
1198.59 0.0380486
1199.56 0.0371128
1200.52 0.0368644
1201.48 0.0369743
1202.45 0.0368337
1203.41 0.0366918
1204.38 0.0367877
1205.34 0.0369554
1206.31 0.0368883
1207.27 0.03655
1208.23 0.036438
1209.2 0.0365917
1210.16 0.0370277
1211.13 0.0379733
1212.09 0.0391996
1213.06 0.0381161
1214.02 0.03659
1214.98 0.0363984
1215.95 0.0365228
1216.91 0.0367542
1217.88 0.0373368
1218.84 0.0374662
1219.81 0.0368616
1220.77 0.0366344
1221.73 0.0365524
1222.7 0.0365373
1223.66 0.0369061
1224.63 0.0384849
1225.59 0.0385895
1226.56 0.0368606
1227.52 0.0363058
1228.48 0.0362686
1229.45 0.0362247
1230.41 0.0361741
1231.38 0.0360497
1232.34 0.035898
1233.31 0.0358301
1234.27 0.0358316
1235.23 0.0358303
1236.2 0.0356341
1237.16 0.0355758
1238.13 0.0357038
1239.09 0.0359049
1240.06 0.035752
1241.02 0.0354653
1241.98 0.0355573
1242.95 0.0365619
1243.91 0.0379746
1244.88 0.0371085
1245.84 0.0353656
1246.81 0.0350651
1247.77 0.0351589
1248.73 0.0352601
1249.7 0.0350558
1250.66 0.0349802
1251.63 0.0349492
1252.59 0.035142
1253.56 0.0351673
1254.52 0.0351051
1255.48 0.0348446
1256.45 0.0347719
1257.41 0.0347473
1258.38 0.0353327
1259.34 0.0389486
1260.31 0.0435441
1261.27 0.0393484
1262.23 0.034776
1263.2 0.0344574
1264.16 0.0348013
1265.13 0.0355956
1266.09 0.0366117
1267.06 0.036706
1268.02 0.0379311
1268.98 0.0395582
1269.95 0.0407852
1270.91 0.042989
1271.88 0.045278
1272.84 0.0397106
1273.81 0.035129
1274.77 0.0346515
1275.73 0.0346496
1276.7 0.0346031
1277.66 0.0345549
1278.63 0.0347299
1279.59 0.0358719
1280.56 0.03614
1281.52 0.0350405
1282.48 0.0347086
1283.45 0.0350871
1284.41 0.0351609
1285.38 0.0349318
1286.34 0.0371888
1287.31 0.04257
1288.27 0.0431582
1289.23 0.0389092
1290.2 0.037682
1291.16 0.0369427
1292.13 0.0352433
1293.09 0.034797
1294.06 0.0345965
1295.02 0.0350209
1295.98 0.0370157
1296.95 0.0379514
1297.91 0.0357897
1298.88 0.0347343
1299.84 0.0346081
1300.81 0.0346265
1301.77 0.0347397
1302.73 0.0350645
1303.7 0.035088
1304.66 0.0356311
1305.63 0.0361833
1306.59 0.0362301
1307.56 0.038812
1308.52 0.0402616
1309.48 0.0362521
1310.45 0.0348028
1311.41 0.0397335
1312.38 0.0522652
1313.34 0.055138
1314.31 0.0493433
1315.27 0.0435493
1316.23 0.047091
1317.2 0.0538574
1318.16 0.0594853
1319.13 0.06821
1320.09 0.0571701
1321.06 0.0437639
1322.02 0.0372211
1322.98 0.0369488
1323.95 0.0363242
1324.91 0.0349891
1325.88 0.0346427
1326.84 0.0353106
1327.81 0.0352872
1328.77 0.0357632
1329.73 0.0368131
1330.7 0.0361129
1331.66 0.0348788
1332.63 0.0354863
1333.59 0.0350532
1334.56 0.0351897
1335.52 0.0441444
1336.48 0.0639407
1337.45 0.0718508
1338.41 0.0949126
1339.38 0.122621
1340.34 0.117711
1341.31 0.0710702
1342.27 0.0394378
1343.23 0.0362228
1344.2 0.0356612
1345.16 0.0358862
1346.13 0.0354018
1347.09 0.0360109
1348.06 0.0382124
1349.02 0.0460074
1349.98 0.0441942
1350.95 0.0375495
1351.91 0.0357115
1352.88 0.0364502
1353.84 0.0429844
1354.81 0.0538425
1355.77 0.0458174
1356.73 0.0387089
1357.7 0.0414529
1358.66 0.0415102
1359.63 0.044024
1360.59 0.0733735
1361.56 0.0983722
1362.52 0.135545
1363.48 0.135645
1364.45 0.0647587
1365.41 0.0385534
1366.38 0.0367213
1367.34 0.0459618
1368.31 0.069643
1369.27 0.0666553
1370.23 0.0436207
1371.2 0.0406715
1372.16 0.0508221
1373.13 0.096524
1374.09 0.143285
1375.06 0.124279
1376.02 0.0711553
1376.98 0.0480105
1377.95 0.0556594
1378.91 0.0547882
1379.88 0.0482995
1380.84 0.0409928
1381.81 0.0386192
1382.77 0.0384751
1383.73 0.0379248
1384.7 0.0396889
1385.66 0.0584336
1386.63 0.111762
1387.59 0.142714
1388.56 0.0836935
1389.52 0.0462458
1390.48 0.0450691
1391.45 0.0446426
1392.41 0.0444488
1393.38 0.079085
1394.34 0.161501
1395.3 0.174172
1396.27 0.115943
1397.23 0.0918011
1398.2 0.127114
1399.16 0.162636
1400.13 0.102505
1401.09 0.0484686
1402.05 0.0404773
1403.02 0.0430579
1403.98 0.0768547
1404.95 0.124262
1405.91 0.0868124
1406.88 0.0438903
1407.84 0.0387624
1408.8 0.0406602
1409.77 0.0480945
1410.73 0.052464
1411.7 0.0583735
1412.66 0.0488887
1413.63 0.0400263
1414.59 0.0430812
1415.55 0.0630471
1416.52 0.0980699
1417.48 0.136704
1418.45 0.199139
1419.41 0.272688
1420.38 0.145197
1421.34 0.0625986
1422.3 0.0573109
1423.27 0.113236
1424.23 0.136208
1425.2 0.0720258
1426.16 0.0430494
1427.12 0.0443109
1428.09 0.055367
1429.05 0.0951368
1430.02 0.135363
1430.98 0.0901012
1431.95 0.0622521
1432.91 0.0706646
1433.88 0.0670477
1434.84 0.0759904
1435.8 0.163163
1436.77 0.270924
1437.73 0.153114
1438.7 0.0653235
1439.66 0.0467277
1440.62 0.0437708
1441.59 0.0433076
1442.55 0.0416447
1443.52 0.0419242
1444.48 0.0437231
1445.45 0.0486102
1446.41 0.0647944
1447.38 0.12639
1448.34 0.142678
1449.3 0.0743911
1450.27 0.0499589
1451.23 0.0686007
1452.2 0.0882532
1453.16 0.0716743
1454.12 0.0917504
1455.09 0.169263
1456.05 0.280739
1457.02 0.404671
1457.98 0.369216
1458.95 0.266002
1459.91 0.137426
1460.88 0.0664908
1461.84 0.0534988
1462.8 0.0578726
1463.77 0.106024
1464.73 0.202763
1465.7 0.156402
1466.66 0.0736536
1467.62 0.056123
1468.59 0.0522286
1469.55 0.0577639
1470.52 0.0942522
1471.48 0.221079
1472.45 0.333588
1473.41 0.285757
1474.38 0.166811
1475.34 0.1462
1476.3 0.197633
1477.27 0.119838
1478.23 0.0571175
1479.2 0.0493629
1480.16 0.065072
1481.12 0.096346
1482.09 0.0789019
1483.05 0.0520739
1484.02 0.0481201
1484.98 0.0576069
1485.95 0.0953155
1486.91 0.17154
1487.88 0.185012
1488.84 0.198312
1489.8 0.29442
1490.77 0.263525
1491.73 0.131306
1492.7 0.0659531
1493.66 0.0592389
1494.62 0.0816996
1495.59 0.173766
1496.55 0.234193
1497.52 0.170555
1498.48 0.199316
1499.45 0.174163
1500.41 0.0992405
1501.38 0.0961298
1502.34 0.092422
1503.3 0.0819383
1504.27 0.127178
1505.23 0.294818
1506.2 0.580337
1507.16 0.60333
1508.12 0.422782
1509.09 0.298249
1510.05 0.206606
1511.02 0.14429
1511.98 0.166276
1512.95 0.143644
1513.91 0.105265
1514.88 0.151336
1515.84 0.224914
1516.8 0.349992
1517.77 0.29156
1518.73 0.160417
1519.7 0.205505
1520.66 0.385435
1521.62 0.435664
1522.59 0.333987
1523.55 0.205107
1524.52 0.196185
1525.48 0.251238
1526.45 0.203488
1527.41 0.196823
1528.37 0.187345
1529.34 0.117832
1530.3 0.0800532
1531.27 0.11508
1532.23 0.178147
1533.2 0.297551
1534.16 0.282902
1535.12 0.148487
1536.09 0.0991331
1537.05 0.111451
1538.02 0.22444
1538.98 0.492753
1539.95 0.584712
1540.91 0.424135
1541.87 0.390596
1542.84 0.3282
1543.8 0.253981
1544.77 0.266631
1545.73 0.211518
1546.7 0.10304
1547.66 0.0713908
1548.62 0.100718
1549.59 0.1947
1550.55 0.185798
1551.52 0.0995367
1552.48 0.0879049
1553.44 0.158292
1554.41 0.256804
1555.37 0.18672
1556.34 0.170478
1557.3 0.336467
1558.27 0.67329
1559.23 0.742484
1560.19 0.50566
1561.16 0.220043
1562.12 0.105394
1563.09 0.0797557
1564.05 0.120345
1565.02 0.162112
1565.98 0.10505
1566.94 0.0687105
1567.91 0.10147
1568.87 0.22978
1569.84 0.296041
1570.8 0.15025
1571.77 0.0755828
1572.73 0.0665056
1573.69 0.0752767
1574.66 0.119902
1575.62 0.255845
1576.59 0.321131
1577.55 0.172514
1578.52 0.0875237
1579.48 0.060387
1580.44 0.0538187
1581.41 0.0518719
1582.37 0.0520606
1583.34 0.0511566
1584.3 0.049179
1585.27 0.0481655
1586.23 0.0482313
1587.19 0.0481336
1588.16 0.0489977
1589.12 0.0552529
1590.09 0.0600307
1591.05 0.0585563
1592.02 0.0568093
1592.98 0.0553234
1593.94 0.0726085
1594.91 0.0804716
1595.87 0.068884
1596.84 0.059824
1597.8 0.0501283
1598.77 0.0479905
1599.73 0.0498039
1600.69 0.0597634
1601.66 0.0660738
1602.62 0.0744299
1603.59 0.0752861
1604.55 0.0570156
1605.52 0.0533
1606.48 0.0727666
1607.44 0.0827982
1608.41 0.0809184
1609.37 0.100201
1610.34 0.0807511
1611.3 0.0559592
1612.27 0.054062
1613.23 0.0571452
1614.19 0.0668196
1615.16 0.108857
1616.12 0.236728
1617.09 0.296583
1618.05 0.150325
1619.02 0.0796571
1619.98 0.0674399
1620.94 0.0722279
1621.91 0.107179
1622.87 0.207026
1623.84 0.229251
1624.8 0.117492
1625.77 0.0706637
1626.73 0.098683
1627.69 0.16743
1628.66 0.129141
1629.62 0.0679305
1630.59 0.0556565
1631.55 0.0566925
1632.52 0.0628935
1633.48 0.0924035
1634.44 0.214729
1635.41 0.419999
1636.37 0.316105
1637.34 0.230153
1638.3 0.14908
1639.27 0.0848993
1640.23 0.0778321
1641.19 0.0724581
1642.16 0.0739263
1643.12 0.072907
1644.09 0.0838685
1645.05 0.160761
1646.02 0.317209
1646.98 0.36654
1647.94 0.328973
1648.91 0.193399
1649.87 0.111024
1650.84 0.131287
1651.8 0.264134
1652.77 0.62269
1653.73 0.642513
1654.69 0.343898
1655.66 0.15694
1656.62 0.0913331
1657.59 0.0720678
1658.55 0.0609515
1659.52 0.0585792
1660.48 0.0702101
1661.44 0.112369
1662.41 0.199127
1663.37 0.18494
1664.34 0.0903004
1665.3 0.0610533
1666.27 0.0593598
1667.23 0.0872111
1668.19 0.183636
1669.16 0.30526
1670.12 0.235825
1671.09 0.201267
1672.05 0.168844
1673.02 0.100318
1673.98 0.119177
1674.94 0.252249
1675.91 0.237578
1676.87 0.108109
1677.84 0.0699587
1678.8 0.0869535
1679.77 0.153441
1680.73 0.161547
1681.69 0.127112
1682.66 0.216512
1683.62 0.470863
1684.59 0.565834
1685.55 0.284738
1686.52 0.13606
1687.48 0.11945
1688.44 0.144979
1689.41 0.142552
1690.37 0.130299
1691.34 0.0856998
1692.3 0.0663893
1693.27 0.0746288
1694.23 0.118784
1695.19 0.261567
1696.16 0.379595
1697.12 0.252146
1698.09 0.187297
1699.05 0.23986
1700.02 0.516969
1700.98 0.428267
1701.94 0.187054
1702.91 0.115389
1703.87 0.158731
1704.84 0.199748
1705.8 0.212917
1706.77 0.206456
1707.73 0.113145
1708.69 0.0702991
1709.66 0.0941641
1710.62 0.101633
1711.59 0.0706667
1712.55 0.0774419
1713.52 0.135614
1714.48 0.226676
1715.44 0.236418
1716.41 0.219885
1717.37 0.338127
1718.34 0.386229
1719.3 0.202811
1720.27 0.0885878
1721.23 0.0627724
1722.19 0.0682143
1723.16 0.0919975
1724.12 0.0847537
1725.09 0.0558689
1726.05 0.0513933
1727.02 0.052521
1727.98 0.0549644
1728.94 0.0930312
1729.91 0.16738
1730.87 0.137583
1731.84 0.113261
1732.8 0.201142
1733.77 0.389977
1734.73 0.352752
1735.69 0.162333
1736.66 0.0886601
1737.62 0.0861002
1738.59 0.117955
1739.55 0.211603
1740.52 0.178053
1741.48 0.0909576
1742.44 0.116108
1743.41 0.172113
1744.37 0.133975
1745.34 0.103881
1746.3 0.127926
1747.27 0.171811
1748.23 0.215114
1749.19 0.207281
1750.16 0.175624
1751.12 0.226377
1752.09 0.16595
1753.05 0.0807299
1754.01 0.0556458
1754.98 0.0552177
1755.94 0.0995622
1756.91 0.150609
1757.87 0.106815
1758.84 0.068613
1759.8 0.0616055
1760.76 0.103882
1761.73 0.187457
1762.69 0.133983
1763.66 0.064727
1764.62 0.0506685
1765.59 0.049207
1766.55 0.0594413
1767.51 0.115917
1768.48 0.148995
1769.44 0.0947239
1770.41 0.123529
1771.37 0.235716
1772.34 0.301416
1773.3 0.206548
1774.26 0.107537
1775.23 0.107837
1776.19 0.0994411
1777.16 0.0591233
1778.12 0.0561732
1779.09 0.0738311
1780.05 0.114221
1781.01 0.126863
1781.98 0.0756935
1782.94 0.0520185
1783.91 0.0686283
1784.87 0.100093
1785.84 0.0759726
1786.8 0.0479264
1787.76 0.0467862
1788.73 0.050911
1789.69 0.0725006
1790.66 0.132676
1791.62 0.188773
1792.59 0.226933
1793.55 0.148598
1794.51 0.0803347
1795.48 0.0971153
1796.44 0.0982133
1797.41 0.0653136
1798.37 0.0717282
1799.34 0.129203
1800.3 0.127517
1801.26 0.105571
1802.23 0.110077
1803.19 0.0786856
1804.16 0.0508268
1805.12 0.0489202
1806.09 0.0482204
1807.05 0.0586023
1808.01 0.0662457
1808.98 0.058923
1809.94 0.0908044
1810.91 0.118085
1811.87 0.0867763
1812.84 0.061554
1813.8 0.0455977
1814.76 0.0421625
1815.73 0.0425173
1816.69 0.0521702
1817.66 0.0584658
1818.62 0.0483072
1819.59 0.0413282
1820.55 0.0424364
1821.51 0.0462448
1822.48 0.0549689
1823.44 0.060001
1824.41 0.104701
1825.37 0.153368
1826.34 0.0923304
1827.3 0.0542184
1828.26 0.0861008
1829.23 0.177523
1830.19 0.202519
1831.16 0.104315
1832.12 0.0543277
1833.09 0.0518221
1834.05 0.0494332
1835.01 0.0450418
1835.98 0.0531503
1836.94 0.0727388
1837.91 0.0663281
1838.87 0.0469243
1839.84 0.0438792
1840.8 0.0469173
1841.76 0.0616854
1842.73 0.0874833
1843.69 0.171658
1844.66 0.20404
1845.62 0.107331
1846.59 0.0701218
1847.55 0.0868121
1848.51 0.0773712
1849.48 0.0495893
1850.44 0.0423478
1851.41 0.0418155
1852.37 0.0429476
1853.34 0.041751
1854.3 0.0413278
1855.26 0.0411408
1856.23 0.0418098
1857.19 0.0432415
1858.16 0.0493552
1859.12 0.0495267
1860.09 0.0460686
1861.05 0.0479307
1862.01 0.0470325
1862.98 0.0430431
1863.94 0.0431722
1864.91 0.0483902
1865.87 0.0716169
1866.83 0.103992
1867.8 0.141641
1868.76 0.176662
1869.73 0.15307
1870.69 0.0852778
1871.66 0.0522495
1872.62 0.0429894
1873.58 0.041411
1874.55 0.0408405
1875.51 0.0411656
1876.48 0.0413843
1877.44 0.0414074
1878.41 0.0420015
1879.37 0.0438957
1880.33 0.042261
1881.3 0.0410418
1882.26 0.0406903
1883.23 0.0434
1884.19 0.0504635
1885.16 0.0516305
1886.12 0.044291
1887.08 0.0425259
1888.05 0.0526765
1889.01 0.0999529
1889.98 0.112933
1890.94 0.0629105
1891.91 0.0435798
1892.87 0.0429747
1893.83 0.050534
1894.8 0.0734099
1895.76 0.0718838
1896.73 0.0480851
1897.69 0.04238
1898.66 0.0410424
1899.62 0.0410578
1900.58 0.0410793
1901.55 0.0430018
1902.51 0.0424604
1903.48 0.0442294
1904.44 0.0460008
1905.4 0.0439654
1906.37 0.0436007
1907.33 0.0558661
1908.3 0.0633988
1909.26 0.0705964
1910.23 0.0758933
1911.19 0.0543
1912.15 0.042542
1913.12 0.0418786
1914.08 0.0422729
1915.05 0.0428422
1916.01 0.0449008
1916.98 0.0722606
1917.94 0.120914
1918.9 0.0911184
1919.87 0.0496238
1920.83 0.0468807
1921.8 0.0702828
1922.76 0.105074
1923.73 0.0853424
1924.69 0.0502081
1925.65 0.0416488
1926.62 0.04161
1927.58 0.0413194
1928.55 0.0412896
1929.51 0.0408138
1930.48 0.0409968
1931.44 0.0413012
1932.4 0.0438163
1933.37 0.0449006
1934.33 0.0427287
1935.3 0.041004
1936.26 0.0413276
1937.23 0.0411939
1938.19 0.0417509
1939.15 0.0415719
1940.12 0.0428126
1941.08 0.0555319
1942.05 0.102609
1943.01 0.110286
1943.98 0.0626586
1944.94 0.0532891
1945.9 0.0590356
1946.87 0.0526717
1947.83 0.043404
1948.8 0.0415391
1949.76 0.0415049
1950.73 0.0416391
1951.69 0.0411627
1952.65 0.0411964
1953.62 0.0424376
1954.58 0.0475021
1955.55 0.0477782
1956.51 0.0429679
1957.48 0.0403857
1958.44 0.0405681
1959.4 0.0429698
1960.37 0.0446181
1961.33 0.0453485
1962.3 0.0428376
1963.26 0.0412338
1964.23 0.0413687
1965.19 0.0462814
1966.15 0.0614912
1967.12 0.0781301
1968.08 0.0666707
1969.05 0.0456445
1970.01 0.0412785
1970.98 0.0411028
1971.94 0.0412066
1972.9 0.0409163
1973.87 0.0411252
1974.83 0.0410955
1975.8 0.0417184
1976.76 0.0415448
1977.73 0.0412552
1978.69 0.0409155
1979.65 0.0410216
1980.62 0.0411705
1981.58 0.0414586
1982.55 0.0411876
1983.51 0.0412376
1984.48 0.0411803
1985.44 0.0414029
1986.4 0.0417413
1987.37 0.0480268
1988.33 0.0568952
1989.3 0.0507238
1990.26 0.0456814
1991.23 0.0683204
1992.19 0.0880189
1993.15 0.0646557
1994.12 0.0451887
1995.08 0.0418756
1996.05 0.0415208
1997.01 0.0415299
1997.98 0.0427792
1998.94 0.0444382
1999.9 0.0429191
2000.87 0.0415091
2001.83 0.041361
2002.8 0.0413812
2003.76 0.0412267
2004.73 0.0413379
2005.69 0.0414978
2006.65 0.0423937
2007.62 0.0434777
2008.58 0.0433415
2009.55 0.0424859
2010.51 0.041834
2011.48 0.0413882
2012.44 0.0416151
2013.4 0.0415469
2014.37 0.0416526
2015.33 0.0446281
2016.3 0.0587556
2017.26 0.0639511
2018.22 0.0545992
2019.19 0.0488526
2020.15 0.0435685
2021.12 0.0417753
2022.08 0.0423136
2023.05 0.0436539
2024.01 0.0425586
2024.97 0.0417893
2025.94 0.0422908
2026.9 0.0427776
2027.87 0.0415602
2028.83 0.0414672
2029.8 0.0418211
2030.76 0.0415852
2031.72 0.0413895
2032.69 0.0415964
2033.65 0.0416629
2034.62 0.0416404
2035.58 0.0415038
2036.55 0.0417578
2037.51 0.0419509
2038.47 0.0416929
2039.44 0.0418679
2040.4 0.0469269
2041.37 0.0525952
2042.33 0.0473827
2043.3 0.0434757
2044.26 0.0437844
2045.22 0.0424456
2046.19 0.0421401
2047.15 0.0419832
2048.12 0.0416395
2049.08 0.0414994
2050.05 0.0415107
2051.01 0.0414275
2051.97 0.0415021
2052.94 0.0415857
2053.9 0.0416568
2054.87 0.0416963
2055.83 0.0417486
2056.8 0.0416198
2057.76 0.0415353
2058.72 0.0416669
2059.69 0.0428435
2060.65 0.0438036
2061.62 0.0426552
2062.58 0.0418138
2063.55 0.0440502
2064.51 0.0519129
2065.47 0.0532135
2066.44 0.0458437
2067.4 0.0420861
2068.37 0.0414313
2069.33 0.0414859
2070.3 0.0414376
2071.26 0.0416344
2072.22 0.0416673
2073.19 0.0420985
2074.15 0.0424279
2075.12 0.0419647
2076.08 0.0418485
2077.05 0.0429478
2078.01 0.0431361
2078.97 0.0423832
2079.94 0.0416655
2080.9 0.0416637
2081.87 0.0417417
2082.83 0.0416209
2083.8 0.0413767
2084.76 0.0413994
2085.72 0.041536
2086.69 0.0422472
2087.65 0.0425589
2088.62 0.0427301
2089.58 0.0456639
2090.55 0.0461909
2091.51 0.0425787
2092.47 0.0415956
2093.44 0.0417796
2094.4 0.041832
2095.37 0.0414727
2096.33 0.0414145
2097.3 0.0414491
2098.26 0.0415373
2099.22 0.0415381
2100.19 0.0417786
2101.15 0.0415826
2102.12 0.041466
2103.08 0.0415815
2104.05 0.0417399
2105.01 0.0416678
2105.97 0.0418011
2106.94 0.0418321
2107.9 0.0417784
2108.87 0.0414976
2109.83 0.041482
2110.8 0.0415262
2111.76 0.0417388
2112.72 0.0417398
2113.69 0.0423494
2114.65 0.0436298
2115.62 0.0433596
2116.58 0.0420126
2117.55 0.0417487
2118.51 0.0417087
2119.47 0.0418056
2120.44 0.0416526
2121.4 0.0416261
2122.37 0.0416693
2123.33 0.0419009
2124.3 0.0419006
2125.26 0.0419017
2126.22 0.0417523
2127.19 0.0418689
2128.15 0.0419011
2129.12 0.0418849
2130.08 0.0416878
2131.05 0.0417615
2132.01 0.0418386
2132.97 0.0417741
2133.94 0.0415677
2134.9 0.0421139
2135.87 0.0434128
2136.83 0.043346
2137.8 0.0422536
2138.76 0.0424237
2139.72 0.0424022
2140.69 0.0419737
2141.65 0.0417108
2142.62 0.0417919
2143.58 0.0418171
2144.55 0.0420413
2145.51 0.042192
2146.47 0.042064
2147.44 0.0418536
2148.4 0.0419477
2149.37 0.0418535
2150.33 0.0419826
2151.3 0.0420746
2152.26 0.0422065
2153.22 0.0419927
2154.19 0.0418731
2155.15 0.0419175
2156.12 0.0420971
2157.08 0.0420525
2158.05 0.0421063
2159.01 0.0420819
2159.97 0.0420836
2160.94 0.0424181
2161.9 0.0428412
2162.87 0.0423827
2163.83 0.0420469
2164.8 0.0420354
2165.76 0.0421907
2166.72 0.0419852
2167.69 0.041948
2168.65 0.0420742
2169.62 0.0421319
2170.58 0.0419552
2171.55 0.0420071
2172.51 0.0420581
2173.47 0.0420682
2174.44 0.0419397
2175.4 0.0420521
2176.37 0.0421247
2177.33 0.04213
2178.3 0.0421239
2179.26 0.0423363
2180.22 0.042235
2181.19 0.0422038
2182.15 0.042154
2183.12 0.0422871
2184.08 0.0422473
2185.05 0.0423281
2186.01 0.0425113
2186.97 0.0426447
2187.94 0.0424599
2188.9 0.0424609
2189.87 0.0423146
2190.83 0.0422502
2191.8 0.0422832
2192.76 0.0425218
2193.72 0.0425155
2194.69 0.0424717
2195.65 0.0425339
2196.62 0.0426727
2197.58 0.0425513
2198.55 0.042594
2199.51 0.0426574
2200.47 0.0426788
2201.44 0.0425603
2202.4 0.0426226
2203.37 0.0426242
2204.33 0.0427269
2205.3 0.0428814
2206.26 0.0429353
2207.22 0.0427823
2208.19 0.0426878
2209.15 0.0426829
2210.12 0.0427946
2211.08 0.0427398
2212.04 0.0428008
2213.01 0.0427793
2213.97 0.0428314
2214.94 0.0428078
2215.9 0.0428602
2216.87 0.0428041
2217.83 0.0429161
2218.79 0.0430169
2219.76 0.0430019
2220.72 0.0428216
2221.69 0.0427488
2222.65 0.0425786
2223.62 0.0426108
2224.58 0.0426191
2225.54 0.0428091
2226.51 0.0429363
2227.47 0.0431128
2228.44 0.0434141
2229.4 0.0435804
2230.37 0.0437374
2231.33 0.0438837
2232.29 0.0439504
2233.26 0.0442271
2234.22 0.0443112
2235.19 0.0446385
2236.15 0.0445391
2237.12 0.0451992
2238.08 0.0453184
2239.04 0.0457015
2240.01 0.0457967
2240.97 0.0463632
2241.94 0.0468295
2242.9 0.0471101
2243.86 0.0478588
2244.83 0.0481275
2245.79 0.0492336
2246.76 0.0493499
2247.72 0.0507908
2248.69 0.0508003
2249.65 0.0524995
2250.61 0.0526074
2251.58 0.0544897
2252.54 0.0547405
2253.51 0.0567449
2254.47 0.0571031
2255.44 0.0592937
2256.4 0.0598997
2257.36 0.0618845
2258.33 0.0625064
2259.29 0.0644119
2260.26 0.0654113
2261.22 0.0672289
2262.19 0.0680768
2263.15 0.0698151
2264.11 0.0707405
2265.08 0.0721826
2266.04 0.0728908
2267.01 0.0739702
2267.97 0.0742166
2268.94 0.0748575
2269.9 0.0750746
2270.86 0.0755578
2271.83 0.0758009
2272.79 0.0757019
2273.76 0.0753917
2274.72 0.0755085
2275.69 0.0746318
2276.65 0.0736733
2277.61 0.0724086
2278.58 0.0704215
2279.54 0.0686388
2280.51 0.0658894
2281.47 0.0629358
2282.44 0.0602882
2283.4 0.058164
2284.36 0.0626705
2285.33 0.0679132
2286.29 0.0751119
2287.26 0.0829976
2288.22 0.0882918
2289.19 0.0983153
2290.15 0.101821
2291.11 0.111102
2292.08 0.117643
2293.04 0.125398
2294.01 0.137864
2294.97 0.137864
2295.94 0.154173
2296.9 0.155554
2297.86 0.168432
2298.83 0.172795
2299.79 0.182171
2300.76 0.201398
2301.72 0.197613
2302.69 0.218681
2303.65 0.213001
2304.61 0.237189
2305.58 0.246003
2306.54 0.279037
2307.51 0.295231
2308.47 0.316462
2309.44 0.345372
2310.4 0.351615
2311.36 0.390086
2312.33 0.381187
2313.29 0.416433
2314.26 0.403259
2315.22 0.435994
2316.19 0.437802
2317.15 0.484383
2318.11 0.498479
2319.08 0.550281
2320.04 0.573332
2321.01 0.619448
2321.97 0.635494
2322.94 0.668927
2323.9 0.687933
2324.86 0.711918
2325.83 0.722747
2326.79 0.758511
2327.76 0.780871
2328.72 0.806035
2329.69 0.823031
2330.65 0.836926
2331.61 0.849119
2332.58 0.855314
2333.54 0.860106
2334.51 0.855809
2335.47 0.870634
2336.44 0.914142
2337.4 0.911023
2338.36 0.900724
2339.33 0.919802
2340.29 0.945757
2341.26 0.964425
2342.22 0.96807
2343.19 0.959326
2344.15 0.931146
2345.11 0.892298
2346.08 0.819805
2347.04 0.727342
2348.01 0.601685
2348.97 0.538326
2349.94 0.621305
2350.9 0.728629
2351.86 0.830057
2352.83 0.922364
2353.79 0.994552
2354.76 1.0497
2355.72 1.13117
2356.69 1.20164
2357.65 1.2427
2358.61 1.25211
2359.58 1.28283
2360.54 1.28564
2361.51 1.26646
2362.47 1.2521
2363.44 1.23705
2364.4 1.19805
2365.36 1.16019
2366.33 1.10753
2367.29 1.05326
2368.26 0.994889
2369.22 0.931974
2370.19 0.866191
2371.15 0.800515
2372.11 0.733623
2373.08 0.667365
2374.04 0.602683
2375.01 0.540623
2375.97 0.481111
2376.93 0.424566
2377.9 0.371486
2378.86 0.321591
2379.83 0.274819
2380.79 0.230975
2381.76 0.190679
2382.72 0.154263
2383.68 0.123295
2384.65 0.0982048
2385.61 0.079484
2386.58 0.0659273
2387.54 0.0568652
2388.51 0.0509631
2389.47 0.0476283
2390.43 0.0457241
2391.4 0.0448149
2392.36 0.0440683
2393.33 0.0437879
2394.29 0.0436767
2395.26 0.0438033
2396.22 0.0436851
2397.18 0.0437279
2398.15 0.0435905
2399.11 0.043638
2400.08 0.043635
2401.04 0.0438261
2402.01 0.0437914
2402.97 0.0438183
2403.93 0.0436975
2404.9 0.0437676
2405.86 0.0436787
2406.83 0.0438232
2407.79 0.0437502
2408.76 0.0437599
2409.72 0.0436936
2410.68 0.0437909
2411.65 0.0436857
2412.61 0.0438
2413.58 0.0438035
2414.54 0.0439218
2415.51 0.0439188
2416.47 0.0439477
2417.43 0.0437675
2418.4 0.0438104
2419.36 0.0437149
2420.33 0.0437192
2421.29 0.0436731
2422.26 0.0438387
2423.22 0.0437972
2424.18 0.043764
2425.15 0.0438717
2426.11 0.0440849
2427.08 0.0439157
2428.04 0.0439279
2429.01 0.0438535
2429.97 0.0439024
2430.93 0.0438053
2431.9 0.043964
2432.86 0.0439342
2433.83 0.0439407
2434.79 0.0438541
2435.76 0.0438766
2436.72 0.0438073
2437.68 0.0439403
2438.65 0.0439045
2439.61 0.0440504
2440.58 0.0439497
2441.54 0.0439626
2442.51 0.0439455
2443.47 0.0440059
2444.43 0.0439176
2445.4 0.0439101
2446.36 0.0438924
2447.33 0.0440712
2448.29 0.0439931
2449.26 0.0440165
2450.22 0.043886
2451.18 0.0439284
2452.15 0.0438771
2453.11 0.04391
2454.08 0.0438445
2455.04 0.0439674
2456.01 0.0440056
2456.97 0.0440807
2457.93 0.0439843
2458.9 0.0440597
2459.86 0.0439345
2460.83 0.043994
2461.79 0.0440473
2462.76 0.0439703
2463.72 0.0437485
2464.68 0.0438297
2465.65 0.0438342
2466.61 0.043871
2467.58 0.0437651
2468.54 0.0438149
2469.51 0.0437646
2470.47 0.0437953
2471.43 0.0437148
2472.4 0.0438186
2473.36 0.0439123
2474.33 0.0440506
2475.29 0.0439441
2476.26 0.0439573
2477.22 0.0439371
2478.18 0.0439999
2479.15 0.0438891
2480.11 0.0439112
2481.08 0.04387
2482.04 0.043992
2483.01 0.0439187
2483.97 0.0439131
2484.93 0.0437547
2485.9 0.0437891
2486.86 0.0437946
2487.83 0.0438099
2488.79 0.0438043
2489.76 0.0438735
2490.72 0.0437612
2491.68 0.0438027
2492.65 0.0437349
2493.61 0.0437903
2494.58 0.0437652
2495.54 0.0439153
2496.51 0.0439634
2497.47 0.0439507
2498.43 0.0438185
2499.4 0.04384
2500.36 0.043715
2501.33 0.0436838
2502.29 0.0436838
2503.26 0.0437636
2504.22 0.0437376
2505.18 0.0439443
2506.15 0.0440085
2507.11 0.0440763
2508.08 0.0440258
2509.04 0.044018
2510.01 0.043784
2510.97 0.0438
2511.93 0.0437089
2512.9 0.043768
2513.86 0.0438031
2514.83 0.0439399
2515.79 0.0438028
2516.76 0.0438435
2517.72 0.0438592
2518.68 0.0438691
2519.65 0.0436237
2520.61 0.0434888
2521.58 0.043524
2522.54 0.043745
2523.51 0.0436846
2524.47 0.0437455
2525.43 0.0437156
2526.4 0.0437645
2527.36 0.0436388
2528.33 0.0436781
2529.29 0.0437012
2530.26 0.0437807
2531.22 0.0438082
2532.18 0.0438819
2533.15 0.0438699
2534.11 0.0438384
2535.08 0.0436971
2536.04 0.0435859
2537.01 0.0434612
2537.97 0.0436057
2538.93 0.0436695
2539.9 0.0438796
2540.86 0.0438418
2541.83 0.0437149
2542.79 0.0435517
2543.76 0.0434874
2544.72 0.0434926
2545.68 0.0437174
2546.65 0.0436569
2547.61 0.0436685
2548.58 0.0438419
2549.54 0.0439528
2550.51 0.043899
2551.47 0.043848
2552.43 0.0436912
2553.4 0.0436444
2554.36 0.043568
2555.33 0.0436982
2556.29 0.0436772
2557.26 0.0437797
2558.22 0.043891
2559.18 0.0439347
2560.15 0.0438553
2561.11 0.043889
2562.08 0.0437953
2563.04 0.0438797
2564.01 0.0439237
2564.97 0.0438965
2565.93 0.0436598
2566.9 0.0436376
2567.86 0.0437019
2568.83 0.0438263
2569.79 0.0437089
2570.75 0.0436821
2571.72 0.0436086
2572.68 0.0438544
2573.65 0.0439558
2574.61 0.0438972
2575.58 0.0437902
2576.54 0.0438767
2577.5 0.0439453
2578.47 0.0440991
2579.43 0.044045
2580.4 0.0439232
2581.36 0.0437409
2582.33 0.04377
2583.29 0.0437347
2584.25 0.0437448
2585.22 0.0437158
2586.18 0.0438341
2587.15 0.043815
2588.11 0.043887
2589.08 0.0438374
2590.04 0.0438126
2591 0.0439265
2591.97 0.044043
2592.93 0.0437717
2593.9 0.0437095
2594.86 0.0436533
2595.83 0.0437609
2596.79 0.0438333
2597.75 0.0439445
2598.72 0.0439843
2599.68 0.0439152
2600.65 0.043787
2601.61 0.0439022
2602.57 0.0439547
2603.54 0.0439428
2604.5 0.0438908
2605.47 0.0439865
2606.43 0.043918
2607.4 0.0439109
2608.36 0.0439231
2609.32 0.0438212
2610.29 0.0436674
2611.25 0.0438686
2612.22 0.0440143
2613.18 0.0440441
2614.15 0.0440019
2615.11 0.0441349
2616.07 0.0439613
2617.04 0.0438843
2618 0.0438174
2618.97 0.043951
2619.93 0.0440688
2620.9 0.0441199
2621.86 0.044069
2622.82 0.0441935
2623.79 0.0441772
2624.75 0.044063
2625.72 0.0438632
2626.68 0.0439014
2627.65 0.0440235
2628.61 0.0441428
2629.57 0.04406
2630.54 0.0441371
2631.5 0.0441658
2632.47 0.0441397
2633.43 0.0440555
2634.4 0.0441739
2635.36 0.0441123
2636.32 0.0440877
2637.29 0.0439186
2638.25 0.04388
2639.22 0.043938
2640.18 0.0439952
2641.15 0.0438739
2642.11 0.0440479
2643.07 0.0442291
2644.04 0.044289
2645 0.0442158
2645.97 0.044076
2646.93 0.0439663
2647.9 0.0440225
2648.86 0.0440966
2649.82 0.0442544
2650.79 0.0442218
2651.75 0.0442036
2652.72 0.044164
2653.68 0.0442305
2654.65 0.0440757
2655.61 0.0439776
2656.57 0.0439589
2657.54 0.0440768
2658.5 0.0440493
2659.47 0.0439805
2660.43 0.0439455
2661.4 0.04401
2662.36 0.0441397
2663.32 0.0442082
2664.29 0.0440537
2665.25 0.0441025
2666.22 0.0441157
2667.18 0.0440723
2668.15 0.0440749
2669.11 0.04417
2670.07 0.0440638
2671.04 0.0442361
2672 0.0443835
2672.97 0.0442308
2673.93 0.0441121
2674.9 0.0442158
2675.86 0.0440325
2676.82 0.0439278
2677.79 0.0440024
2678.75 0.0439957
2679.72 0.0437329
2680.68 0.0437293
2681.65 0.0439206
2682.61 0.0441516
2683.57 0.0440865
2684.54 0.0440759
2685.5 0.0439859
2686.47 0.0439967
2687.43 0.0440343
2688.4 0.044092
2689.36 0.0440828
2690.32 0.0442179
2691.29 0.0441043
2692.25 0.0441412
2693.22 0.0441497
2694.18 0.044105
2695.15 0.0440234
2696.11 0.0440871
2697.07 0.0441498
2698.04 0.0440969
2699 0.0440698
2699.97 0.0441348
2700.93 0.0440729
2701.9 0.0440766
2702.86 0.0440843
2703.82 0.0441731
2704.79 0.0440695
2705.75 0.0440557
2706.72 0.0440533
2707.68 0.0440415
2708.65 0.0439687
2709.61 0.0439432
2710.57 0.0439353
2711.54 0.0439781
2712.5 0.0440297
2713.47 0.0440878
2714.43 0.0439991
2715.4 0.0441254
2716.36 0.0442449
2717.32 0.0443317
2718.29 0.0441704
2719.25 0.044195
2720.22 0.0443499
2721.18 0.0442895
2722.15 0.0441143
2723.11 0.0440811
2724.07 0.0438144
2725.04 0.0436992
2726 0.0438025
2726.97 0.0440606
2727.93 0.044133
2728.9 0.0442081
2729.86 0.0441858
2730.82 0.0441135
2731.79 0.0439932
2732.75 0.0440667
2733.72 0.0441678
2734.68 0.0443413
2735.64 0.0442995
2736.61 0.0441812
2737.57 0.0439945
2738.54 0.0440997
2739.5 0.0441104
2740.47 0.0440672
2741.43 0.0440657
2742.39 0.0441385
2743.36 0.0440411
2744.32 0.044044
2745.29 0.0440955
2746.25 0.0441258
2747.22 0.0439557
2748.18 0.0438908
2749.14 0.0438389
2750.11 0.043829
2751.07 0.0440768
2752.04 0.0442372
2753 0.0441171
2753.97 0.0441093
2754.93 0.0440636
2755.89 0.0441088
2756.86 0.0440729
2757.82 0.0440998
2758.79 0.0440598
2759.75 0.0440611
2760.72 0.0440113
2761.68 0.0438975
2762.64 0.0438191
2763.61 0.0439615
2764.57 0.0441142
2765.54 0.0441903
2766.5 0.0441462
2767.47 0.0441265
2768.43 0.0439576
2769.39 0.0438907
2770.36 0.0440656
2771.32 0.0441323
2772.29 0.0439643
2773.25 0.0439971
2774.22 0.0440018
2775.18 0.0439716
2776.14 0.0439756
2777.11 0.0441169
2778.07 0.0440569
2779.04 0.0441614
2780 0.0442048
2780.97 0.0441797
2781.93 0.0441815
2782.89 0.04413
2783.86 0.044118
2784.82 0.0442217
2785.79 0.0441993
2786.75 0.0441926
2787.72 0.0439892
2788.68 0.0438475
2789.64 0.0437889
2790.61 0.0438439
2791.57 0.0439251
2792.54 0.0441052
2793.5 0.0441941
2794.47 0.0442016
2795.43 0.043965
2796.39 0.0440479
2797.36 0.0440346
2798.32 0.0438992
2799.29 0.0440507
2800.25 0.0443048
2801.22 0.044278
2802.18 0.0442511
2803.14 0.0442272
2804.11 0.0441975
2805.07 0.0441771
2806.04 0.04426
2807 0.0442294
2807.97 0.0441727
2808.93 0.0440822
2809.89 0.0440827
2810.86 0.0442022
2811.82 0.0442841
2812.79 0.0443392
2813.75 0.0444321
2814.72 0.0442769
2815.68 0.044231
2816.64 0.0442378
2817.61 0.0442412
2818.57 0.0441678
2819.54 0.04417
2820.5 0.0442586
2821.47 0.0442998
2822.43 0.0442988
2823.39 0.0444726
2824.36 0.0444104
2825.32 0.044227
2826.29 0.04421
2827.25 0.0443215
2828.22 0.0443286
2829.18 0.044497
2830.14 0.0444918
2831.11 0.044311
2832.07 0.044163
2833.04 0.0442385
2834 0.0442104
2834.97 0.0442279
2835.93 0.0442425
2836.89 0.0441617
2837.86 0.0439802
2838.82 0.0440666
2839.79 0.0442657
2840.75 0.0445381
2841.72 0.0446738
2842.68 0.0448237
2843.64 0.0450111
2844.61 0.0451422
2845.57 0.0452785
2846.54 0.0453068
2847.5 0.0452881
2848.47 0.0456792
2849.43 0.0461516
2850.39 0.046451
2851.36 0.0463906
2852.32 0.0463502
2853.29 0.0464504
2854.25 0.0463006
2855.22 0.0459205
2856.18 0.0458536
2857.14 0.0458229
2858.11 0.0457144
2859.07 0.0455155
2860.04 0.0452619
2861 0.0451842
2861.97 0.0453766
2862.93 0.0452211
2863.89 0.0451118
2864.86 0.0451625
2865.82 0.0452132
2866.79 0.0451593
2867.75 0.0451714
2868.72 0.0451484
2869.68 0.0451459
2870.64 0.0449973
2871.61 0.0449279
2872.57 0.0449255
2873.54 0.0450271
2874.5 0.0451157
2875.47 0.0452051
2876.43 0.0452292
2877.39 0.0451557
2878.36 0.0450296
2879.32 0.0450351
2880.29 0.0451005
2881.25 0.0452248
2882.22 0.045212
2883.18 0.0451868
2884.14 0.0451596
2885.11 0.0451966
2886.07 0.0452092
2887.04 0.0453122
2888 0.0453228
2888.97 0.0453193
2889.93 0.0452458
2890.89 0.045224
2891.86 0.04526
2892.82 0.0454786
2893.79 0.0456106
2894.75 0.0456037
2895.72 0.0454275
2896.68 0.0453572
2897.64 0.0453641
2898.61 0.0454811
2899.57 0.0454968
2900.54 0.0455356
2901.5 0.0457233
2902.47 0.0457859
2903.43 0.0456092
2904.39 0.0456408
2905.36 0.0458886
2906.32 0.0459555
2907.29 0.0458764
2908.25 0.04576
2909.22 0.0457671
2910.18 0.0460191
2911.14 0.0461195
2912.11 0.0462285
2913.07 0.0462297
2914.04 0.0464367
2915 0.0466411
2915.97 0.0470274
2916.93 0.0474897
2917.89 0.0478648
2918.86 0.047998
2919.82 0.0480829
2920.79 0.0480853
2921.75 0.0482966
2922.72 0.0482877
2923.68 0.0480405
2924.64 0.0480268
2925.61 0.0481491
2926.57 0.0482524
2927.54 0.048201
2928.5 0.0477527
2929.46 0.047448
2930.43 0.0472232
2931.39 0.0471061
2932.36 0.0472643
2933.32 0.0476684
2934.29 0.0477263
2935.25 0.0477471
2936.21 0.0474985
2937.18 0.0474
2938.14 0.0472021
2939.11 0.0467653
2940.07 0.0466338
2941.04 0.0465485
2942 0.0462206
2942.96 0.0459265
2943.93 0.0456918
2944.89 0.0455068
2945.86 0.0457269
2946.82 0.0459905
2947.79 0.0462781
2948.75 0.0464442
2949.71 0.0461004
2950.68 0.0458633
2951.64 0.0456727
2952.61 0.0456885
2953.57 0.0463519
2954.54 0.0470724
2955.5 0.0470892
2956.46 0.0469892
2957.43 0.0470991
2958.39 0.0472539
2959.36 0.0467075
2960.32 0.0465088
2961.28 0.046915
2962.25 0.0468089
2963.21 0.0463207
2964.18 0.0463046
2965.14 0.0467509
2966.11 0.047528
2967.07 0.047638
2968.03 0.0475173
2969 0.0471446
2969.96 0.0466584
2970.93 0.0462962
2971.89 0.046419
2972.86 0.0474724
2973.82 0.0476793
2974.78 0.0469797
2975.75 0.0465953
2976.71 0.046352
2977.68 0.0469153
2978.64 0.0469045
2979.61 0.0466607
2980.57 0.0466651
2981.53 0.0461852
2982.5 0.0458316
2983.46 0.0460458
2984.43 0.046133
2985.39 0.0460496
2986.36 0.0463418
2987.32 0.0475206
2988.28 0.0476982
2989.25 0.0467544
2990.21 0.0458518
2991.18 0.0456786
2992.14 0.0459052
2993.11 0.0463564
2994.07 0.0474082
2995.03 0.0472204
2996 0.0458773
2996.96 0.045114
2997.93 0.0448487
2998.89 0.0451474
2999.86 0.0451328
3000.82 0.0450227
3001.78 0.0451017
3002.75 0.0457617
3003.71 0.0472189
3004.68 0.0480039
3005.64 0.0466988
3006.61 0.0454427
3007.57 0.045162
3008.53 0.0454817
3009.5 0.0473188
3010.46 0.0487463
3011.43 0.0489031
3012.39 0.0517667
3013.36 0.0504734
3014.32 0.0476913
3015.28 0.0492094
3016.25 0.0497205
3017.21 0.04828
3018.18 0.0474474
3019.14 0.0459756
3020.11 0.0451675
3021.07 0.0452794
3022.03 0.0460929
3023 0.0459697
3023.96 0.0452523
3024.93 0.0462582
3025.89 0.0478254
3026.86 0.0465652
3027.82 0.0456044
3028.78 0.0458138
3029.75 0.0480253
3030.71 0.053264
3031.68 0.0558795
3032.64 0.0512486
3033.61 0.0488692
3034.57 0.0499101
3035.53 0.0482399
3036.5 0.0465201
3037.46 0.0453943
3038.43 0.0451234
3039.39 0.0449721
3040.36 0.0448055
3041.32 0.0447683
3042.28 0.0449667
3043.25 0.0450274
3044.21 0.0451212
3045.18 0.044954
3046.14 0.0449016
3047.11 0.04541
3048.07 0.048233
3049.03 0.0502713
3050 0.0474044
3050.96 0.0451724
3051.93 0.0450028
3052.89 0.0452253
3053.86 0.0453387
3054.82 0.0463492
3055.78 0.0507327
3056.75 0.0524691
3057.71 0.0484483
3058.68 0.0464968
3059.64 0.0470485
3060.61 0.0469654
3061.57 0.045879
3062.53 0.0457975
3063.5 0.0490629
3064.46 0.0536831
3065.43 0.0510746
3066.39 0.0515991
3067.36 0.0526863
3068.32 0.0477279
3069.28 0.045378
3070.25 0.0454819
3071.21 0.0455326
3072.18 0.0455707
3073.14 0.0455263
3074.11 0.0454438
3075.07 0.0454961
3076.03 0.046076
3077 0.0473706
3077.96 0.0489138
3078.93 0.0504571
3079.89 0.0513715
3080.86 0.0500027
3081.82 0.0496264
3082.78 0.0484833
3083.75 0.0465062
3084.71 0.0457913
3085.68 0.0467951
3086.64 0.0471052
3087.61 0.0467
3088.57 0.0459878
3089.53 0.045704
3090.5 0.0454521
3091.46 0.0456526
3092.43 0.0458968
3093.39 0.0471911
3094.36 0.0490177
3095.32 0.0533126
3096.28 0.0546443
3097.25 0.0494386
3098.21 0.0468773
3099.18 0.0489423
3100.14 0.0520066
3101.11 0.0540083
3102.07 0.052412
3103.03 0.050556
3104 0.0486973
3104.96 0.0467441
3105.93 0.0464894
3106.89 0.0478044
3107.86 0.0482319
3108.82 0.0471059
3109.78 0.0474553
3110.75 0.0474753
3111.71 0.0480059
3112.68 0.0486478
3113.64 0.048458
3114.61 0.0499653
3115.57 0.0536618
3116.53 0.0526204
3117.5 0.0495726
3118.46 0.0521771
3119.43 0.0515576
3120.39 0.0477218
3121.36 0.0491293
3122.32 0.0552424
3123.28 0.0535597
3124.25 0.0479386
3125.21 0.0477653
3126.18 0.050349
3127.14 0.0507868
3128.11 0.0474614
3129.07 0.0458399
3130.03 0.0455854
3131 0.046106
3131.96 0.0489809
3132.93 0.0544155
3133.89 0.0520891
3134.86 0.0470237
3135.82 0.0458816
3136.78 0.0456682
3137.75 0.0455221
3138.71 0.0455238
3139.68 0.0458359
3140.64 0.0458447
3141.61 0.0461288
3142.57 0.0469495
3143.53 0.0467636
3144.5 0.046008
3145.46 0.0460953
3146.43 0.0461672
3147.39 0.046094
3148.35 0.0460713
3149.32 0.0459212
3150.28 0.0459222
3151.25 0.0462436
3152.21 0.0462172
3153.18 0.0459216
3154.14 0.0457831
3155.1 0.0459543
3156.07 0.0462047
3157.03 0.0461851
3158 0.0458814
3158.96 0.045884
3159.93 0.0459327
3160.89 0.0458511
3161.85 0.0458528
3162.82 0.0461261
3163.78 0.0464183
3164.75 0.0463974
3165.71 0.0462234
3166.68 0.0463576
3167.64 0.0467747
3168.6 0.0469985
3169.57 0.0469954
3170.53 0.046768
3171.5 0.0463319
3172.46 0.0461673
3173.43 0.046078
3174.39 0.0463305
3175.35 0.0467542
3176.32 0.0470954
3177.28 0.0512033
3178.25 0.0556305
3179.21 0.0511777
3180.18 0.0471676
3181.14 0.0466444
3182.1 0.0467747
3183.07 0.0469498
3184.03 0.048323
3185 0.0509418
3185.96 0.0498858
3186.93 0.0471437
3187.89 0.0466293
3188.85 0.0464379
3189.82 0.0465099
3190.78 0.0464929
3191.75 0.0466024
3192.71 0.0464405
3193.68 0.0465744
3194.64 0.0469815
3195.6 0.0485817
3196.57 0.0504138
3197.53 0.0539337
3198.5 0.053495
3199.46 0.0494061
3200.43 0.0478481
3201.39 0.0469037
3202.35 0.0467544
3203.32 0.0467796
3204.28 0.0467617
3205.25 0.04668
3206.21 0.0467968
3207.18 0.0468636
3208.14 0.047638
3209.1 0.0515965
3210.07 0.0537449
3211.03 0.0494545
3212 0.0474267
3212.96 0.0496459
3213.93 0.0551124
3214.89 0.0535032
3215.85 0.0491588
3216.82 0.0485534
3217.78 0.0480949
3218.75 0.0513224
3219.71 0.0544168
3220.68 0.0513036
3221.64 0.0489473
3222.6 0.0483097
3223.57 0.047341
3224.53 0.0470723
3225.5 0.0475444
3226.46 0.0491476
3227.43 0.0509972
3228.39 0.0499393
3229.35 0.0499561
3230.32 0.0505847
3231.28 0.0488083
3232.25 0.0493112
3233.21 0.0499297
3234.18 0.0481485
3235.14 0.0475738
3236.1 0.0498909
3237.07 0.0507283
3238.03 0.048537
3239 0.0482906
3239.96 0.049848
3240.93 0.0495755
3241.89 0.0483931
3242.85 0.0481073
3243.82 0.0508335
3244.78 0.0574307
3245.75 0.0554038
3246.71 0.0488327
3247.68 0.047328
3248.64 0.0472327
3249.6 0.0474027
3250.57 0.0474113
3251.53 0.0476233
3252.5 0.0480521
3253.46 0.0520642
3254.43 0.0547564
3255.39 0.0506252
3256.35 0.0495095
3257.32 0.050944
3258.28 0.0494664
3259.25 0.0487041
3260.21 0.0502742
3261.18 0.0497655
3262.14 0.0483009
3263.1 0.0486331
3264.07 0.0490645
3265.03 0.0497185
3266 0.0492064
3266.96 0.0481334
3267.93 0.0476496
3268.89 0.0474544
3269.85 0.0478024
3270.82 0.0485794
3271.78 0.0491171
3272.75 0.052517
3273.71 0.0573284
3274.68 0.0540331
3275.64 0.0530377
3276.6 0.0558786
3277.57 0.0518425
3278.53 0.0493083
3279.5 0.0502098
3280.46 0.0501744
3281.42 0.048849
3282.39 0.0495488
3283.35 0.0508727
3284.32 0.0502346
3285.28 0.0487643
3286.25 0.0482426
3287.21 0.0486612
3288.17 0.0506481
3289.14 0.0508487
3290.1 0.049735
3291.07 0.0519244
3292.03 0.0538716
3293 0.0529744
3293.96 0.0505297
3294.92 0.04868
3295.89 0.0483639
3296.85 0.0501851
3297.82 0.0516227
3298.78 0.0498977
3299.75 0.0489655
3300.71 0.0488897
3301.67 0.0483577
3302.64 0.0485777
3303.6 0.048851
3304.57 0.0482053
3305.53 0.0478027
3306.5 0.0480206
3307.46 0.0503356
3308.42 0.0554234
3309.39 0.0553746
3310.35 0.052064
3311.32 0.0512163
3312.28 0.0521228
3313.24 0.054232
3314.21 0.0517453
3315.17 0.0490423
3316.14 0.0487658
3317.1 0.0495121
3318.07 0.0496072
3319.03 0.0492123
3319.99 0.048865
3320.96 0.0489652
3321.92 0.0492314
3322.89 0.0499611
3323.85 0.050396
3324.82 0.0505407
3325.78 0.0506219
3326.74 0.0517821
3327.71 0.0512998
3328.67 0.0502194
3329.64 0.0499078
3330.6 0.0494311
3331.57 0.0488925
3332.53 0.0490118
3333.49 0.049743
3334.46 0.0522426
3335.42 0.0528297
3336.39 0.0556344
3337.35 0.0554473
3338.32 0.050412
3339.28 0.0494608
3340.24 0.050091
3341.21 0.0500537
3342.17 0.0498362
3343.14 0.0494464
3344.1 0.049059
3345.07 0.0492257
3346.03 0.0495941
3346.99 0.0496703
3347.96 0.0499311
3348.92 0.0499502
3349.89 0.0495778
3350.85 0.0494832
3351.82 0.049544
3352.78 0.0498776
3353.74 0.0507787
3354.71 0.0522521
3355.67 0.0547198
3356.64 0.0544259
3357.6 0.0522707
3358.57 0.0510655
3359.53 0.0522243
3360.49 0.0527635
3361.46 0.0548279
3362.42 0.054777
3363.39 0.0530419
3364.35 0.0552305
3365.32 0.0581967
3366.28 0.057308
3367.24 0.0551144
3368.21 0.0543323
3369.17 0.052489
3370.14 0.0509994
3371.1 0.0502237
3372.07 0.0501572
3373.03 0.0499207
3373.99 0.0503635
3374.96 0.0506782
3375.92 0.0504925
3376.89 0.0504989
3377.85 0.051082
3378.82 0.0509983
3379.78 0.0506314
3380.74 0.0504244
3381.71 0.0505789
3382.67 0.0518482
3383.64 0.054685
3384.6 0.0572603
3385.57 0.0569136
3386.53 0.0534801
3387.49 0.0505793
3388.46 0.0502403
3389.42 0.05034
3390.39 0.0506393
3391.35 0.0532561
3392.32 0.0623089
3393.28 0.0634558
3394.24 0.0539342
3395.21 0.0506933
3396.17 0.0543526
3397.14 0.0608972
3398.1 0.0572957
3399.07 0.051571
3400.03 0.0508399
3400.99 0.0518902
3401.96 0.0523355
3402.92 0.0530564
3403.89 0.0536587
3404.85 0.0516096
3405.82 0.0506076
3406.78 0.0508905
3407.74 0.0507657
3408.71 0.051017
3409.67 0.0508129
3410.64 0.0504064
3411.6 0.0505814
3412.57 0.0515961
3413.53 0.0518881
3414.49 0.0512198
3415.46 0.0510398
3416.42 0.0509593
3417.39 0.0513774
3418.35 0.053137
3419.32 0.0596584
3420.28 0.0709152
3421.24 0.0703018
3422.21 0.063197
3423.17 0.0576356
3424.14 0.0530271
3425.1 0.05121
3426.07 0.050802
3427.03 0.0521812
3427.99 0.0536044
3428.96 0.0522895
3429.92 0.0523272
3430.89 0.0553678
3431.85 0.0548381
3432.82 0.0528385
3433.78 0.0514489
3434.74 0.0507113
3435.71 0.0510674
3436.67 0.0515692
3437.64 0.0518853
3438.6 0.0522537
3439.57 0.0521963
3440.53 0.0527974
3441.49 0.0583912
3442.46 0.0681521
3443.42 0.0627906
3444.39 0.0560101
3445.35 0.058903
3446.32 0.0761387
3447.28 0.0955247
3448.24 0.0744354
3449.21 0.0552607
3450.17 0.0516862
3451.14 0.0512114
3452.1 0.0510556
3453.07 0.0514266
3454.03 0.0511858
3454.99 0.0520714
3455.96 0.0534224
3456.92 0.0532509
3457.89 0.0529201
3458.85 0.0533226
3459.82 0.0535517
3460.78 0.0576465
3461.74 0.0630021
3462.71 0.0657791
3463.67 0.0585703
3464.64 0.0528035
3465.6 0.053924
3466.57 0.0598126
3467.53 0.0589969
3468.49 0.0530524
3469.46 0.0521676
3470.42 0.0534883
3471.39 0.0527124
3472.35 0.0523644
3473.32 0.0535956
3474.28 0.0589935
3475.24 0.0621422
3476.21 0.0557234
3477.17 0.0514938
3478.14 0.0514837
3479.1 0.0534034
3480.07 0.0622034
3481.03 0.072029
3481.99 0.0820791
3482.96 0.0750324
3483.92 0.0580605
3484.89 0.0554422
3485.85 0.0567008
3486.82 0.059312
3487.78 0.0693903
3488.74 0.0681613
3489.71 0.0550035
3490.67 0.0533974
3491.64 0.0530025
3492.6 0.0520969
3493.57 0.0522189
3494.53 0.0570759
3495.49 0.0643078
3496.46 0.0695436
3497.42 0.0626576
3498.39 0.0541204
3499.35 0.0554202
3500.32 0.0591443
3501.28 0.0686396
3502.24 0.0886887
3503.21 0.10629
3504.17 0.0949709
3505.14 0.0735705
3506.1 0.0596378
3507.06 0.0542119
3508.03 0.0606429
3508.99 0.0865088
3509.96 0.0914792
3510.92 0.0703363
3511.89 0.0625681
3512.85 0.0580897
3513.81 0.0551843
3514.78 0.0523952
3515.74 0.0515046
3516.71 0.0531234
3517.67 0.0572907
3518.64 0.0619715
3519.6 0.0620143
3520.56 0.0564516
3521.53 0.0635343
3522.49 0.0913796
3523.46 0.106419
3524.42 0.090459
3525.39 0.0818152
3526.35 0.0890637
3527.31 0.10294
3528.28 0.102052
3529.24 0.0951032
3530.21 0.0784684
3531.17 0.0710202
3532.14 0.0597985
3533.1 0.0526148
3534.06 0.0516792
3535.03 0.0584854
3535.99 0.0799935
3536.96 0.0816165
3537.92 0.0588906
3538.89 0.0539524
3539.85 0.0537877
3540.81 0.0543481
3541.78 0.0563844
3542.74 0.0722723
3543.71 0.0897815
3544.67 0.11576
3545.64 0.123986
3546.6 0.122276
3547.56 0.116138
3548.53 0.0836504
3549.49 0.0644055
3550.46 0.0639354
3551.42 0.0916703
3552.39 0.118563
3553.35 0.097605
3554.31 0.0750189
3555.28 0.0589052
3556.24 0.0589369
3557.21 0.0644995
3558.17 0.0613592
3559.14 0.0682507
3560.1 0.0911466
3561.06 0.0854966
3562.03 0.0806291
3562.99 0.097025
3563.96 0.108556
3564.92 0.1257
3565.89 0.213113
3566.85 0.254828
3567.81 0.24056
3568.78 0.183431
3569.74 0.100512
3570.71 0.0802939
3571.67 0.0672122
3572.64 0.062353
3573.6 0.0718607
3574.56 0.082568
3575.53 0.0768965
3576.49 0.078944
3577.46 0.0834717
3578.42 0.0731867
3579.39 0.0842138
3580.35 0.0896622
3581.31 0.0748954
3582.28 0.0748768
3583.24 0.0913486
3584.21 0.0929984
3585.17 0.102391
3586.14 0.180711
3587.1 0.248068
3588.06 0.230072
3589.03 0.197682
3589.99 0.121639
3590.96 0.090652
3591.92 0.0956701
3592.89 0.140884
3593.85 0.151524
3594.81 0.162355
3595.78 0.179236
3596.74 0.135378
3597.71 0.126837
3598.67 0.143115
3599.64 0.142046
3600.6 0.162973
3601.56 0.149985
3602.53 0.11936
3603.49 0.103549
3604.46 0.0913444
3605.42 0.0950905
3606.39 0.148665
3607.35 0.197807
3608.31 0.179679
3609.28 0.206131
3610.24 0.149658
3611.21 0.10621
3612.17 0.175858
3613.14 0.208643
3614.1 0.181708
3615.06 0.179611
3616.03 0.130643
3616.99 0.153168
3617.96 0.225033
3618.92 0.234333
3619.89 0.246699
3620.85 0.197354
3621.81 0.143053
3622.78 0.117069
3623.74 0.111757
3624.71 0.111146
3625.67 0.140613
3626.64 0.165257
3627.6 0.214619
3628.56 0.379557
3629.53 0.419621
3630.49 0.255755
3631.46 0.145952
3632.42 0.116753
3633.39 0.158668
3634.35 0.164013
3635.31 0.104262
3636.28 0.0814062
3637.24 0.0924328
3638.21 0.10708
3639.17 0.0884753
3640.13 0.0740292
3641.1 0.0803642
3642.06 0.100664
3643.03 0.0974046
3643.99 0.076406
3644.96 0.0847271
3645.92 0.147515
3646.88 0.288329
3647.85 0.328195
3648.81 0.30965
3649.78 0.367442
3650.74 0.375082
3651.71 0.25634
3652.67 0.119714
3653.63 0.0754904
3654.6 0.0765118
3655.56 0.144543
3656.53 0.218618
3657.49 0.132248
3658.46 0.0693458
3659.42 0.0678874
3660.38 0.0682806
3661.35 0.0603196
3662.31 0.0554491
3663.28 0.0554911
3664.24 0.0556939
3665.21 0.0590006
3666.17 0.0626225
3667.13 0.0755723
3668.1 0.145739
3669.06 0.243843
3670.03 0.280065
3670.99 0.296979
3671.95 0.17123
3672.92 0.109322
3673.88 0.172961
3674.85 0.385704
3675.81 0.485606
3676.78 0.297851
3677.74 0.166383
3678.7 0.149859
3679.67 0.173127
3680.63 0.12485
3681.6 0.0790283
3682.56 0.0736255
3683.53 0.0794296
3684.49 0.0951057
3685.45 0.0929336
3686.42 0.103523
3687.38 0.166018
3688.35 0.301543
3689.31 0.275887
3690.28 0.250316
3691.24 0.298637
3692.2 0.205452
3693.17 0.127518
3694.13 0.11343
3695.1 0.107462
3696.06 0.114932
3697.03 0.115797
3697.99 0.10465
3698.95 0.104867
3699.92 0.111568
3700.88 0.154255
3701.85 0.232474
3702.81 0.186102
3703.78 0.12092
3704.74 0.11533
3705.7 0.122186
3706.67 0.119247
3707.63 0.121036
3708.6 0.186233
3709.56 0.274571
3710.53 0.246836
3711.49 0.290064
3712.45 0.340834
3713.42 0.192205
3714.38 0.120162
3715.35 0.105286
3716.31 0.087976
3717.28 0.0897271
3718.24 0.128826
3719.2 0.17154
3720.17 0.139592
3721.13 0.152359
3722.1 0.251467
3723.06 0.236916
3724.03 0.181095
3724.99 0.207948
3725.95 0.238593
3726.92 0.248481
3727.88 0.189151
3728.85 0.146957
3729.81 0.148177
3730.78 0.183193
3731.74 0.274096
3732.7 0.304178
3733.67 0.266207
3734.63 0.387186
3735.6 0.439042
3736.56 0.347995
3737.53 0.269108
3738.49 0.223843
3739.45 0.166378
3740.42 0.166802
3741.38 0.193431
3742.35 0.156726
3743.31 0.194388
3744.28 0.431224
3745.24 0.420991
3746.2 0.233259
3747.17 0.18038
3748.13 0.198992
3749.1 0.308103
3750.06 0.352491
3751.03 0.290193
3751.99 0.365234
3752.95 0.304702
3753.92 0.169181
3754.88 0.106632
3755.85 0.129134
3756.81 0.166281
3757.78 0.128423
3758.74 0.152197
3759.7 0.233943
3760.67 0.159734
3761.63 0.0835664
3762.6 0.0717066
3763.56 0.0725637
3764.53 0.0928994
3765.49 0.162965
3766.45 0.152343
3767.42 0.0856805
3768.38 0.0863629
3769.35 0.16929
3770.31 0.21585
3771.28 0.122413
3772.24 0.0708572
3773.2 0.0573365
3774.17 0.0548975
3775.13 0.0531492
3776.1 0.0536426
3777.06 0.0610428
3778.03 0.0850646
3778.99 0.155933
3779.95 0.183381
3780.92 0.0985568
3781.88 0.0643781
3782.85 0.0610001
3783.81 0.0866585
3784.78 0.127832
3785.74 0.106656
3786.7 0.070968
3787.67 0.0588791
3788.63 0.0551838
3789.6 0.056788
3790.56 0.0539444
3791.53 0.0530633
3792.49 0.0537013
3793.45 0.0560216
3794.42 0.0603386
3795.38 0.0994323
3796.35 0.186074
3797.31 0.180175
3798.28 0.118227
3799.24 0.105816
3800.2 0.1641
3801.17 0.31907
3802.13 0.331975
3803.1 0.210489
3804.06 0.115519
3805.03 0.087516
3805.99 0.138664
3806.95 0.257949
3807.92 0.193075
3808.88 0.0918972
3809.85 0.0645028
3810.81 0.0598293
3811.78 0.0589103
3812.74 0.0610431
3813.7 0.0706229
3814.67 0.107154
3815.63 0.232357
3816.6 0.281517
3817.56 0.156505
3818.53 0.118141
3819.49 0.162713
3820.45 0.301044
3821.42 0.399884
3822.38 0.249128
3823.35 0.134684
3824.31 0.101133
3825.28 0.0991171
3826.24 0.144111
3827.2 0.165132
3828.17 0.111813
3829.13 0.0764289
3830.1 0.0779865
3831.06 0.145372
3832.03 0.19475
3832.99 0.119293
3833.95 0.11816
3834.92 0.203454
3835.88 0.18097
3836.85 0.169268
3837.81 0.295227
3838.78 0.269135
3839.74 0.232178
3840.7 0.249445
3841.67 0.173138
3842.63 0.126199
3843.6 0.184138
3844.56 0.156761
3845.53 0.0860763
3846.49 0.066313
3847.45 0.0634938
3848.42 0.076371
3849.38 0.111214
3850.35 0.124938
3851.31 0.179841
3852.28 0.327933
3853.24 0.388284
3854.2 0.446872
3855.17 0.270372
3856.13 0.158212
3857.1 0.164393
3858.06 0.126572
3859.02 0.0746381
3859.99 0.0675139
3860.95 0.108129
3861.92 0.17339
3862.88 0.150187
3863.85 0.160431
3864.81 0.250182
3865.77 0.207423
3866.74 0.10472
3867.7 0.0827227
3868.67 0.153236
3869.63 0.307688
3870.6 0.28601
3871.56 0.158484
3872.52 0.102473
3873.49 0.165056
3874.45 0.231875
3875.42 0.12981
3876.38 0.0676772
3877.35 0.0592527
3878.31 0.0630258
3879.27 0.114945
3880.24 0.244779
3881.2 0.212682
3882.17 0.113502
3883.13 0.109192
3884.1 0.111572
3885.06 0.160852
3886.02 0.244733
3886.99 0.140251
3887.95 0.0692094
3888.92 0.0601201
3889.88 0.0783412
3890.84 0.165106
3891.81 0.218179
3892.77 0.13264
3893.74 0.0951442
3894.7 0.0804885
3895.67 0.0615422
3896.63 0.060631
3897.59 0.0880296
3898.56 0.157947
3899.52 0.213965
3900.49 0.151302
3901.45 0.182631
3902.42 0.217227
3903.38 0.181542
3904.34 0.22158
3905.31 0.192142
3906.27 0.140146
3907.24 0.0816288
3908.2 0.0540068
3909.17 0.0507334
3910.13 0.0506875
3911.09 0.0498487
3912.06 0.0501847
3913.02 0.0511439
3913.99 0.0521835
3914.95 0.0570511
3915.92 0.0910414
3916.88 0.145186
3917.84 0.124151
3918.81 0.0816071
3919.77 0.110169
3920.74 0.108489
3921.7 0.0648336
3922.67 0.0656007
3923.63 0.0982445
3924.59 0.135193
3925.56 0.1211
3926.52 0.0704983
3927.49 0.0546767
3928.45 0.0693961
3929.42 0.0937825
3930.38 0.0966534
3931.34 0.102085
3932.31 0.134129
3933.27 0.110262
3934.24 0.0760964
3935.2 0.0612356
3936.17 0.0515432
3937.13 0.0518108
3938.09 0.0582048
3939.06 0.0587751
3940.02 0.0540228
3940.99 0.0559841
3941.95 0.0914284
3942.92 0.131087
3943.88 0.0955495
3944.84 0.064245
3945.81 0.05472
3946.77 0.0712051
3947.74 0.0957646
3948.7 0.089313
3949.67 0.0972095
3950.63 0.0928959
3951.59 0.0623844
3952.56 0.0618111
3953.52 0.0632378
3954.49 0.0552448
3955.45 0.053416
3956.42 0.0590641
3957.38 0.0617488
3958.34 0.0583908
3959.31 0.0555482
3960.27 0.0550303
3961.24 0.0656724
3962.2 0.0744712
3963.17 0.059422
3964.13 0.052267
3965.09 0.0513509
3966.06 0.04988
3967.02 0.0491515
3967.99 0.0527538
3968.95 0.0602178
3969.92 0.0583723
3970.88 0.0526353
3971.84 0.0588578
3972.81 0.0617616
3973.77 0.0601234
3974.74 0.0603526
3975.7 0.062399
3976.67 0.0587234
3977.63 0.0511358
3978.59 0.0489413
3979.56 0.050505
3980.52 0.0511485
3981.49 0.0532326
3982.45 0.055397
3983.42 0.0526559
3984.38 0.050416
3985.34 0.0509629
3986.31 0.0497728
3987.27 0.0485682
3988.24 0.0485639
3989.2 0.0520431
3990.17 0.0582935
3991.13 0.0581589
3992.09 0.0519395
3993.06 0.0504053
3994.02 0.0529243
3994.99 0.0588447
3995.95 0.0545684
3996.92 0.0491232
3997.88 0.0484396
3998.84 0.0486937
3999.81 0.0485117
