599.778 3.05927
600.743 3.05695
601.707 3.05691
602.671 3.05274
603.636 3.03876
604.6 3.03092
605.564 3.02219
606.528 3.01131
607.493 2.9968
608.457 2.9876
609.421 2.97638
610.385 2.96397
611.35 2.94656
612.314 2.93145
613.278 2.91433
614.243 2.89845
615.207 2.8824
616.171 2.86506
617.135 2.84704
618.1 2.82939
619.064 2.8057
620.028 2.78109
620.992 2.75884
621.957 2.73938
622.921 2.7142
623.885 2.68911
624.85 2.67241
625.814 2.65459
626.778 2.62245
627.742 2.5995
628.707 2.58585
629.671 2.56137
630.635 2.53534
631.6 2.51965
632.564 2.50216
633.528 2.47849
634.492 2.45688
635.457 2.44099
636.421 2.42403
637.385 2.40425
638.349 2.38585
639.314 2.37034
640.278 2.35409
641.242 2.33874
642.207 2.32421
643.171 2.30916
644.135 2.29565
645.099 2.28404
646.064 2.2725
647.028 2.2602
647.992 2.24988
648.956 2.24179
649.921 2.23329
650.885 2.22108
651.849 2.20502
652.813 2.2003
653.778 2.1975
654.742 2.17135
655.706 2.16092
656.671 2.17501
657.635 2.16307
658.599 2.13769
659.563 2.14566
660.528 2.15758
661.492 2.13545
662.456 2.11817
663.42 2.13399
664.385 2.13917
665.349 2.11453
666.313 2.12801
667.278 2.23
668.242 2.25098
669.206 2.15209
670.17 2.11789
671.135 2.12906
672.099 2.12515
673.063 2.11207
674.028 2.11967
674.992 2.13043
675.956 2.12843
676.92 2.12158
677.885 2.11965
678.849 2.12496
679.813 2.12842
680.778 2.11739
681.742 2.11159
682.706 2.12203
683.67 2.12692
684.635 2.11439
685.599 2.11002
686.563 2.12123
687.527 2.1257
688.492 2.11425
689.456 2.11031
690.42 2.12044
691.385 2.12355
692.349 2.11181
693.313 2.10896
694.277 2.11922
695.242 2.12142
696.206 2.11061
697.17 2.10817
698.134 2.11717
699.099 2.11936
700.063 2.10928
701.027 2.10574
701.991 2.11317
702.956 2.11556
703.92 2.10736
704.884 2.10513
705.849 2.11173
706.813 2.11314
707.777 2.10557
708.741 2.10343
709.706 2.10917
710.67 2.11057
711.634 2.10447
712.598 2.10305
713.563 2.10705
714.527 2.10685
715.491 2.1014
716.456 2.10033
717.42 2.10385
718.384 2.10456
719.348 2.10192
720.313 2.10229
721.277 2.10214
722.241 2.09844
723.206 2.09351
724.17 2.09239
725.134 2.09228
726.098 2.08882
727.063 2.0844
728.027 2.08366
728.991 2.08293
729.955 2.07869
730.92 2.07471
731.884 2.07455
732.848 2.07282
733.812 2.06689
734.777 2.06247
735.741 2.06353
736.705 2.06243
737.67 2.05599
738.634 2.05153
739.598 2.05332
740.562 2.05237
741.527 2.04445
742.491 2.03865
743.455 2.04073
744.42 2.0404
745.384 2.03181
746.348 2.02495
747.312 2.02731
748.277 2.02794
749.241 2.01942
750.205 2.01184
751.169 2.01431
752.134 2.01588
753.098 2.00713
754.062 1.99834
755.027 2.00045
755.991 2.0034
756.955 1.99542
757.919 1.98541
758.884 1.98724
759.848 1.99224
760.812 1.98531
761.777 1.97412
762.741 1.97531
763.705 1.9818
764.669 1.9763
765.634 1.96485
766.598 1.96517
767.562 1.97266
768.526 1.96917
769.491 1.95737
770.455 1.95612
771.419 1.96395
772.384 1.96244
773.348 1.95123
774.312 1.94891
775.276 1.95715
776.241 1.95785
777.205 1.94729
778.169 1.94392
779.133 1.95242
780.098 1.95549
781.062 1.94615
782.026 1.9417
782.99 1.9499
783.955 1.95542
784.919 1.94836
785.883 1.94365
786.848 1.95147
787.812 1.95918
788.776 1.95476
789.74 1.95031
790.705 1.95791
791.669 1.96751
792.633 1.96502
793.597 1.96026
794.562 1.96676
795.526 1.97704
796.49 1.9763
797.455 1.97134
798.419 1.97579
799.383 1.98499
800.347 1.98532
801.312 1.98035
802.276 1.98232
803.24 1.98978
804.205 1.99052
805.169 1.98526
806.133 1.9849
807.097 1.99054
808.062 1.99151
809.026 1.98599
809.99 1.98346
810.955 1.98715
811.919 1.98891
812.883 1.98486
813.847 1.98229
814.812 1.98592
815.776 1.98889
816.74 1.98668
817.704 1.98448
818.669 1.98782
819.633 1.99178
820.597 1.99084
821.562 1.98859
822.526 1.99025
823.49 1.993
824.454 1.99246
825.419 1.99004
826.383 1.99002
827.347 1.99175
828.311 1.99198
829.276 1.99012
830.24 1.98967
831.204 1.99136
832.168 1.99232
833.133 1.9907
834.097 1.9897
835.061 1.99069
836.026 1.99206
836.99 1.9913
837.954 1.98982
838.918 1.99018
839.883 1.99162
840.847 1.9911
841.811 1.98975
842.775 1.9898
843.74 1.99074
844.704 1.99057
845.668 1.98936
846.633 1.98873
847.597 1.98931
848.561 1.98916
849.525 1.9883
850.49 1.98762
851.454 1.98777
852.418 1.98773
853.383 1.98674
854.347 1.98539
855.311 1.98494
856.275 1.98433
857.24 1.98338
858.204 1.98217
859.168 1.98132
860.132 1.98038
861.097 1.97934
862.061 1.97792
863.025 1.97687
863.99 1.97562
864.954 1.97389
865.918 1.97238
866.882 1.97114
867.847 1.96959
868.811 1.96842
869.775 1.96754
870.739 1.96656
871.704 1.96489
872.668 1.96313
873.632 1.96117
874.597 1.95876
875.561 1.95555
876.525 1.95237
877.489 1.94952
878.454 1.94655
879.418 1.94262
880.382 1.93905
881.346 1.93603
882.311 1.93319
883.275 1.92972
884.239 1.92632
885.204 1.92341
886.168 1.92075
887.132 1.91778
888.096 1.91465
889.061 1.91195
890.025 1.9099
890.989 1.90714
891.953 1.90416
892.918 1.90129
893.882 1.89893
894.846 1.89641
895.811 1.89346
896.775 1.89066
897.739 1.88845
898.703 1.88591
899.668 1.88309
900.632 1.88038
901.596 1.87783
902.561 1.87521
903.525 1.87249
904.489 1.86969
905.453 1.86739
906.418 1.86483
907.382 1.86215
908.346 1.85967
909.31 1.8575
910.275 1.85523
911.239 1.85282
912.203 1.85012
913.168 1.8479
914.132 1.84567
915.096 1.84341
916.06 1.84134
917.025 1.83962
917.989 1.83766
918.953 1.83544
919.917 1.83326
920.882 1.83157
921.846 1.82974
922.81 1.82784
923.774 1.82609
924.739 1.82491
925.703 1.82358
926.667 1.82164
927.632 1.81962
928.596 1.81855
929.56 1.81775
930.524 1.81644
931.489 1.81477
932.453 1.81379
933.417 1.81332
934.381 1.8125
935.346 1.81109
936.31 1.81024
937.274 1.80992
938.239 1.80939
939.203 1.80814
940.167 1.80738
941.131 1.80731
942.096 1.80711
943.06 1.80612
944.024 1.80567
944.989 1.80599
945.953 1.8063
946.917 1.80598
947.881 1.80559
948.846 1.8057
949.81 1.80629
950.774 1.80656
951.739 1.80647
952.703 1.80666
953.667 1.80766
954.631 1.80818
955.596 1.80826
956.56 1.80878
957.524 1.80975
958.488 1.8103
959.453 1.81075
960.417 1.81154
961.381 1.81284
962.346 1.814
963.31 1.81472
964.274 1.81541
965.238 1.81675
966.203 1.81808
967.167 1.81925
968.131 1.82006
969.095 1.82118
970.06 1.82286
971.024 1.82439
971.988 1.82535
972.952 1.82678
973.917 1.82841
974.881 1.82976
975.845 1.83087
976.81 1.8323
977.774 1.8339
978.738 1.83557
979.702 1.83692
980.667 1.83834
981.631 1.83998
982.595 1.8417
983.559 1.84304
984.524 1.84453
985.488 1.84634
986.452 1.84808
987.417 1.84932
988.381 1.8507
989.345 1.85234
990.309 1.85411
991.274 1.85576
992.238 1.85711
993.202 1.85826
994.167 1.85981
995.131 1.86128
996.095 1.86257
997.059 1.86397
998.024 1.86557
998.988 1.86695
999.952 1.86852
1000.92 1.86997
1001.88 1.87139
1002.85 1.87278
1003.81 1.87432
1004.77 1.87589
1005.74 1.87759
1006.7 1.87906
1007.67 1.88063
1008.63 1.88257
1009.6 1.88469
1010.56 1.88651
1011.52 1.88809
1012.49 1.88953
1013.45 1.89122
1014.42 1.89305
1015.38 1.89479
1016.35 1.89629
1017.31 1.89796
1018.27 1.89934
1019.24 1.90021
1020.2 1.90093
1021.17 1.90213
1022.13 1.90332
1023.1 1.90403
1024.06 1.90426
1025.02 1.90453
1025.99 1.90495
1026.95 1.90537
1027.92 1.90545
1028.88 1.90566
1029.85 1.90596
1030.81 1.90617
1031.77 1.90594
1032.74 1.90591
1033.7 1.90608
1034.67 1.90648
1035.63 1.90643
1036.6 1.90623
1037.56 1.90653
1038.52 1.90705
1039.49 1.90709
1040.45 1.90701
1041.42 1.90709
1042.38 1.90745
1043.34 1.90759
1044.31 1.90736
1045.27 1.90711
1046.24 1.9077
1047.2 1.90818
1048.17 1.90817
1049.13 1.90815
1050.09 1.90849
1051.06 1.90896
1052.02 1.90896
1052.99 1.90848
1053.95 1.90871
1054.92 1.90916
1055.88 1.90926
1056.84 1.90914
1057.81 1.90942
1058.77 1.91005
1059.74 1.91058
1060.7 1.91055
1061.67 1.91078
1062.63 1.91155
1063.59 1.91239
1064.56 1.91307
1065.52 1.91355
1066.49 1.9141
1067.45 1.91517
1068.42 1.91603
1069.38 1.9165
1070.34 1.91712
1071.31 1.91818
1072.27 1.91892
1073.24 1.91931
1074.2 1.91988
1075.17 1.92072
1076.13 1.92128
1077.09 1.92152
1078.06 1.92168
1079.02 1.92209
1079.99 1.92251
1080.95 1.92274
1081.91 1.92271
1082.88 1.92262
1083.84 1.92256
1084.81 1.92271
1085.77 1.92255
1086.74 1.9224
1087.7 1.92264
1088.66 1.92294
1089.63 1.92269
1090.59 1.92249
1091.56 1.92243
1092.52 1.92244
1093.49 1.92209
1094.45 1.92165
1095.41 1.9211
1096.38 1.92084
1097.34 1.92053
1098.31 1.91989
1099.27 1.91905
1100.24 1.91839
1101.2 1.91754
1102.16 1.91621
1103.13 1.91477
1104.09 1.91374
1105.06 1.91259
1106.02 1.91111
1106.99 1.90961
1107.95 1.90816
1108.91 1.90665
1109.88 1.90505
1110.84 1.90306
1111.81 1.90121
1112.77 1.8998
1113.74 1.89819
1114.7 1.8961
1115.66 1.89418
1116.63 1.8925
1117.59 1.89091
1118.56 1.88901
1119.52 1.88707
1120.49 1.88516
1121.45 1.88321
1122.41 1.88127
1123.38 1.87927
1124.34 1.87708
1125.31 1.87497
1126.27 1.87291
1127.24 1.8708
1128.2 1.86847
1129.16 1.86629
1130.13 1.86442
1131.09 1.86259
1132.06 1.86073
1133.02 1.85886
1133.99 1.85716
1134.95 1.85554
1135.91 1.8539
1136.88 1.85197
1137.84 1.84993
1138.81 1.84812
1139.77 1.84637
1140.74 1.84472
1141.7 1.84306
1142.66 1.84154
1143.63 1.83967
1144.59 1.8375
1145.56 1.83552
1146.52 1.8336
1147.49 1.83154
1148.45 1.82952
1149.41 1.82744
1150.38 1.82539
1151.34 1.82329
1152.31 1.82108
1153.27 1.81876
1154.24 1.81648
1155.2 1.81438
1156.16 1.81244
1157.13 1.81034
1158.09 1.80812
1159.06 1.80605
1160.02 1.80394
1160.99 1.80185
1161.95 1.80003
1162.91 1.79812
1163.88 1.79609
1164.84 1.79412
1165.81 1.79196
1166.77 1.78973
1167.74 1.78753
1168.7 1.78525
1169.66 1.78299
1170.63 1.78073
1171.59 1.77857
1172.56 1.77639
1173.52 1.77454
1174.49 1.77284
1175.45 1.77064
1176.41 1.7685
1177.38 1.76685
1178.34 1.7655
1179.31 1.76416
1180.27 1.76241
1181.24 1.75989
1182.2 1.75669
1183.16 1.75367
1184.13 1.75107
1185.09 1.7489
1186.06 1.74707
1187.02 1.74517
1187.99 1.74282
1188.95 1.74055
1189.91 1.73856
1190.88 1.73668
1191.84 1.73463
1192.81 1.73261
1193.77 1.73083
1194.73 1.72903
1195.7 1.72719
1196.66 1.72546
1197.63 1.72374
1198.59 1.72202
1199.56 1.72033
1200.52 1.71862
1201.48 1.71687
1202.45 1.71535
1203.41 1.71376
1204.38 1.71204
1205.34 1.71026
1206.31 1.70873
1207.27 1.70735
1208.23 1.70587
1209.2 1.70422
1210.16 1.70252
1211.13 1.70126
1212.09 1.69999
1213.06 1.69823
1214.02 1.6966
1214.98 1.69508
1215.95 1.69341
1216.91 1.69176
1217.88 1.69031
1218.84 1.68891
1219.81 1.68733
1220.77 1.68579
1221.73 1.68436
1222.7 1.68292
1223.66 1.68161
1224.63 1.68055
1225.59 1.67925
1226.56 1.67762
1227.52 1.67601
1228.48 1.67463
1229.45 1.67338
1230.41 1.67203
1231.38 1.67076
1232.34 1.66951
1233.31 1.6682
1234.27 1.6668
1235.23 1.6655
1236.2 1.66446
1237.16 1.66336
1238.13 1.66209
1239.09 1.6609
1240.06 1.65978
1241.02 1.65878
1241.98 1.65772
1242.95 1.65685
1243.91 1.6564
1244.88 1.65545
1245.84 1.65439
1246.81 1.65365
1247.77 1.6529
1248.73 1.65215
1249.7 1.65171
1250.66 1.65162
1251.63 1.65186
1252.59 1.65244
1253.56 1.65365
1254.52 1.65554
1255.48 1.6581
1256.45 1.66113
1257.41 1.66437
1258.38 1.66742
1259.34 1.67065
1260.31 1.67315
1261.27 1.67259
1262.23 1.67058
1263.2 1.66775
1264.16 1.66379
1265.13 1.65933
1266.09 1.65461
1267.06 1.65001
1268.02 1.64614
1268.98 1.64295
1269.95 1.64025
1270.91 1.63845
1271.88 1.63691
1272.84 1.63408
1273.81 1.63181
1274.77 1.63036
1275.73 1.62903
1276.7 1.62788
1277.66 1.62676
1278.63 1.62571
1279.59 1.62484
1280.56 1.62389
1281.52 1.62283
1282.48 1.62184
1283.45 1.62102
1284.41 1.62047
1285.38 1.61981
1286.34 1.61958
1287.31 1.61992
1288.27 1.61927
1289.23 1.6178
1290.2 1.61697
1291.16 1.61607
1292.13 1.61516
1293.09 1.61461
1294.06 1.61409
1295.02 1.61356
1295.98 1.61346
1296.95 1.61313
1297.91 1.61217
1298.88 1.61153
1299.84 1.61113
1300.81 1.61081
1301.77 1.61049
1302.73 1.61012
1303.7 1.60984
1304.66 1.60972
1305.63 1.6095
1306.59 1.60928
1307.56 1.60961
1308.52 1.60931
1309.48 1.60822
1310.45 1.60788
1311.41 1.60871
1312.38 1.61061
1313.34 1.61037
1314.31 1.60869
1315.27 1.60702
1316.23 1.60719
1317.2 1.60781
1318.16 1.60847
1319.13 1.60929
1320.09 1.60609
1321.06 1.60285
1322.02 1.60096
1322.98 1.60055
1323.95 1.60001
1324.91 1.59941
1325.88 1.59891
1326.84 1.59858
1327.81 1.59823
1328.77 1.5982
1329.73 1.59822
1330.7 1.59804
1331.66 1.59765
1332.63 1.5975
1333.59 1.59738
1334.56 1.59747
1335.52 1.59999
1336.48 1.60467
1337.45 1.60636
1338.41 1.61163
1339.38 1.61643
1340.34 1.61495
1341.31 1.60525
1342.27 1.59876
1343.23 1.59838
1344.2 1.59845
1345.16 1.59863
1346.13 1.59872
1347.09 1.59903
1348.06 1.59986
1349.02 1.60165
1349.98 1.60136
1350.95 1.60036
1351.91 1.60031
1352.88 1.60078
1353.84 1.60258
1354.81 1.60483
1355.77 1.60331
1356.73 1.60245
1357.7 1.60343
1358.66 1.60373
1359.63 1.60616
1360.59 1.6168
1361.56 1.6224
1362.52 1.63102
1363.48 1.63123
1364.45 1.61238
1365.41 1.60574
1366.38 1.60546
1367.34 1.60828
1368.31 1.61323
1369.27 1.61193
1370.23 1.60684
1371.2 1.60669
1372.16 1.61036
1373.13 1.62579
1374.09 1.63544
1375.06 1.62726
1376.02 1.615
1376.98 1.61121
1377.95 1.61365
1378.91 1.61354
1379.88 1.61229
1380.84 1.61144
1381.81 1.61166
1382.77 1.61289
1383.73 1.61368
1384.7 1.61467
1385.66 1.62024
1386.63 1.64403
1387.59 1.65902
1388.56 1.63291
1389.52 1.61705
1390.48 1.61748
1391.45 1.61812
1392.41 1.61967
1393.38 1.63977
1394.34 1.67202
1395.3 1.66393
1396.27 1.64136
1397.23 1.63688
1398.2 1.65306
1399.16 1.66713
1400.13 1.64615
1401.09 1.62878
1402.05 1.62798
1403.02 1.62981
1403.98 1.64224
1404.95 1.65506
1405.91 1.6429
1406.88 1.63149
1407.84 1.63089
1408.8 1.63174
1409.77 1.63338
1410.73 1.63421
1411.7 1.63504
1412.66 1.63305
1413.63 1.63134
1414.59 1.63218
1415.55 1.63724
1416.52 1.64774
1417.48 1.66077
1418.45 1.70197
1419.41 1.74178
1420.38 1.68063
1421.34 1.6364
1422.3 1.63541
1423.27 1.64979
1424.23 1.65264
1425.2 1.6377
1426.16 1.63131
1427.12 1.63188
1428.09 1.6346
1429.05 1.64852
1430.02 1.6585
1430.98 1.64195
1431.95 1.63211
1432.91 1.63265
1433.88 1.63004
1434.84 1.63523
1435.8 1.69062
1436.77 1.73966
1437.73 1.6722
1438.7 1.62353
1439.66 1.61715
1440.62 1.61559
1441.59 1.61423
1442.55 1.61325
1443.52 1.6122
1444.48 1.6119
1445.45 1.61155
1446.41 1.61778
1447.38 1.64034
1448.34 1.64173
1449.3 1.61561
1450.27 1.60831
1451.23 1.61262
1452.2 1.61676
1453.16 1.61074
1454.12 1.61764
1455.09 1.64765
1456.05 1.73499
1457.02 1.78634
1457.98 1.71725
1458.95 1.66241
1459.91 1.6234
1460.88 1.60431
1461.84 1.60096
1462.8 1.6024
1463.77 1.62733
1464.73 1.66566
1465.7 1.63824
1466.66 1.60229
1467.62 1.5968
1468.59 1.59489
1469.55 1.5948
1470.52 1.6105
1471.48 1.66558
1472.45 1.69936
1473.41 1.68191
1474.38 1.63092
1475.34 1.61811
1476.3 1.63343
1477.27 1.6037
1478.23 1.58311
1479.2 1.58059
1480.16 1.58485
1481.12 1.59032
1482.09 1.58553
1483.05 1.57901
1484.02 1.57843
1484.98 1.57983
1485.95 1.59259
1486.91 1.61791
1487.88 1.61845
1488.84 1.61945
1489.8 1.64837
1490.77 1.6409
1491.73 1.60078
1492.7 1.57825
1493.66 1.57701
1494.62 1.5896
1495.59 1.64832
1496.55 1.66466
1497.52 1.62032
1498.48 1.63022
1499.45 1.61679
1500.41 1.58555
1501.38 1.58374
1502.34 1.5829
1503.3 1.58132
1504.27 1.61309
1505.23 1.70833
1506.2 1.7856
1507.16 1.76783
1508.12 1.68672
1509.09 1.63957
1510.05 1.61522
1511.02 1.60438
1511.98 1.62113
1512.95 1.61043
1513.91 1.59429
1514.88 1.60798
1515.84 1.62911
1516.8 1.66625
1517.77 1.65115
1518.73 1.61393
1519.7 1.64736
1520.66 1.72743
1521.62 1.73673
1522.59 1.68077
1523.55 1.63185
1524.52 1.63729
1525.48 1.66426
1526.45 1.64204
1527.41 1.63411
1528.37 1.63073
1529.34 1.61527
1530.3 1.60914
1531.27 1.62273
1532.23 1.6497
1533.2 1.69997
1534.16 1.69774
1535.12 1.65231
1536.09 1.64118
1537.05 1.65642
1538.02 1.73173
1538.98 1.8514
1539.95 1.86239
1540.91 1.80956
1541.87 1.80568
1542.84 1.76507
1543.8 1.72356
1544.77 1.74086
1545.73 1.72076
1546.7 1.6774
1547.66 1.66523
1548.62 1.67334
1549.59 1.6944
1550.55 1.68653
1551.52 1.66039
1552.48 1.65814
1553.44 1.70057
1554.41 1.73625
1555.37 1.68624
1556.34 1.68299
1557.3 1.78138
1558.27 1.87705
1559.23 1.88062
1560.19 1.83465
1561.16 1.70714
1562.12 1.64123
1563.09 1.63382
1564.05 1.64789
1565.02 1.65522
1565.98 1.63757
1566.94 1.62707
1567.91 1.64005
1568.87 1.68712
1569.84 1.709
1570.8 1.655
1571.77 1.62538
1572.73 1.62212
1573.69 1.62434
1574.66 1.65127
1575.62 1.74397
1576.59 1.75019
1577.55 1.65735
1578.52 1.62366
1579.48 1.61881
1580.44 1.61749
1581.41 1.6164
1582.37 1.61606
1583.34 1.6148
1584.3 1.61379
1585.27 1.61249
1586.23 1.61153
1587.19 1.61048
1588.16 1.61005
1589.12 1.61041
1590.09 1.61026
1591.05 1.60914
1592.02 1.60822
1592.98 1.60801
1593.94 1.61143
1594.91 1.61214
1595.87 1.60905
1596.84 1.60644
1597.8 1.60328
1598.77 1.60182
1599.73 1.60118
1600.69 1.60231
1601.66 1.6022
1602.62 1.60311
1603.59 1.60179
1604.55 1.59785
1605.52 1.59701
1606.48 1.60097
1607.44 1.60179
1608.41 1.60245
1609.37 1.60574
1610.34 1.60102
1611.3 1.5956
1612.27 1.59566
1613.23 1.59573
1614.19 1.59794
1615.16 1.62216
1616.12 1.70744
1617.09 1.71903
1618.05 1.63056
1619.02 1.59978
1619.98 1.5974
1620.94 1.59901
1621.91 1.6107
1622.87 1.65124
1623.84 1.65708
1624.8 1.61324
1625.77 1.59581
1626.73 1.60857
1627.69 1.62753
1628.66 1.61206
1629.62 1.59343
1630.59 1.59063
1631.55 1.59046
1632.52 1.59102
1633.48 1.60367
1634.44 1.67446
1635.41 1.75115
1636.37 1.68879
1637.34 1.63284
1638.3 1.60833
1639.27 1.59024
1640.23 1.58807
1641.19 1.58648
1642.16 1.58625
1643.12 1.58498
1644.09 1.59136
1645.05 1.64293
1646.02 1.70129
1646.98 1.67922
1647.94 1.65179
1648.91 1.61394
1649.87 1.58914
1650.84 1.60833
1651.8 1.72692
1652.77 1.87941
1653.73 1.8138
1654.69 1.68277
1655.66 1.60509
1656.62 1.58039
1657.59 1.57678
1658.55 1.57441
1659.52 1.57397
1660.48 1.57591
1661.44 1.59338
1662.41 1.63057
1663.37 1.61988
1664.34 1.58048
1665.3 1.57201
1666.27 1.57134
1667.23 1.58063
1668.19 1.61957
1669.16 1.66736
1670.12 1.63683
1671.09 1.61477
1672.05 1.6018
1673.02 1.58026
1673.98 1.60449
1674.94 1.67404
1675.91 1.65127
1676.87 1.58595
1677.84 1.57226
1678.8 1.57809
1679.77 1.59334
1680.73 1.59267
1681.69 1.5914
1682.66 1.63812
1683.62 1.72636
1684.59 1.77787
1685.55 1.68117
1686.52 1.59213
1687.48 1.58533
1688.44 1.59067
1689.41 1.59132
1690.37 1.58697
1691.34 1.57659
1692.3 1.57143
1693.27 1.57434
1694.23 1.60271
1695.19 1.70774
1696.16 1.73534
1697.12 1.63478
1698.09 1.60271
1699.05 1.67227
1700.02 1.81126
1700.98 1.74898
1701.94 1.61805
1702.91 1.58674
1703.87 1.6095
1704.84 1.62049
1705.8 1.6227
1706.77 1.61673
1707.73 1.58646
1708.69 1.57724
1709.66 1.58322
1710.62 1.58422
1711.59 1.5765
1712.55 1.58071
1713.52 1.60055
1714.48 1.63537
1715.44 1.63845
1716.41 1.65406
1717.37 1.71719
1718.34 1.69783
1719.3 1.62573
1720.27 1.58383
1721.23 1.57668
1722.19 1.57922
1723.16 1.58531
1724.12 1.58238
1725.09 1.57588
1726.05 1.575
1727.02 1.57528
1727.98 1.57636
1728.94 1.58872
1729.91 1.60482
1730.87 1.59403
1731.84 1.59638
1732.8 1.65929
1733.77 1.74277
1734.73 1.7183
1735.69 1.61975
1736.66 1.57959
1737.62 1.57923
1738.59 1.59887
1739.55 1.63974
1740.52 1.61839
1741.48 1.58058
1742.44 1.58699
1743.41 1.596
1744.37 1.58474
1745.34 1.57801
1746.3 1.5846
1747.27 1.5954
1748.23 1.60767
1749.19 1.60469
1750.16 1.61342
1751.12 1.64986
1752.09 1.615
1753.05 1.57195
1754.01 1.5644
1754.98 1.5662
1755.94 1.58686
1756.91 1.60173
1757.87 1.58017
1758.84 1.56642
1759.8 1.5662
1760.76 1.59075
1761.73 1.62207
1762.69 1.59459
1763.66 1.56591
1764.62 1.56274
1765.59 1.56213
1766.55 1.56942
1767.51 1.59994
1768.48 1.60806
1769.44 1.57866
1770.41 1.59089
1771.37 1.63255
1772.34 1.66963
1773.3 1.63344
1774.26 1.58021
1775.23 1.57711
1776.19 1.5741
1777.16 1.5644
1778.12 1.56394
1779.09 1.5688
1780.05 1.58076
1781.01 1.58221
1781.98 1.568
1782.94 1.5634
1783.91 1.57397
1784.87 1.58718
1785.84 1.57435
1786.8 1.5628
1787.76 1.56237
1788.73 1.56346
1789.69 1.57212
1790.66 1.59192
1791.62 1.61782
1792.59 1.63987
1793.55 1.60173
1794.51 1.5698
1795.48 1.57257
1796.44 1.57176
1797.41 1.56559
1798.37 1.57149
1799.34 1.58846
1800.3 1.58606
1801.26 1.58168
1802.23 1.58153
1803.19 1.57081
1804.16 1.56284
1805.12 1.56233
1806.09 1.56251
1807.05 1.56531
1808.01 1.56618
1808.98 1.5656
1809.94 1.5755
1810.91 1.58011
1811.87 1.5709
1812.84 1.56535
1813.8 1.56219
1814.76 1.56196
1815.73 1.56223
1816.69 1.56568
1817.66 1.56692
1818.62 1.56387
1819.59 1.56211
1820.55 1.56282
1821.51 1.5636
1822.48 1.56542
1823.44 1.56778
1824.41 1.58736
1825.37 1.5993
1826.34 1.57707
1827.3 1.56573
1828.26 1.57641
1829.23 1.60417
1830.19 1.61219
1831.16 1.58187
1832.12 1.56608
1833.09 1.5658
1834.05 1.56531
1835.01 1.56427
1835.98 1.56678
1836.94 1.57035
1837.91 1.56876
1838.87 1.56478
1839.84 1.56492
1840.8 1.56585
1841.76 1.56958
1842.73 1.58418
1843.69 1.63255
1844.66 1.63367
1845.62 1.58425
1846.59 1.57127
1847.55 1.57568
1848.51 1.57273
1849.48 1.56664
1850.44 1.56582
1851.41 1.56565
1852.37 1.56613
1853.34 1.56593
1854.3 1.56611
1855.26 1.566
1856.23 1.56634
1857.19 1.56678
1858.16 1.56811
1859.12 1.56803
1860.09 1.56767
1861.05 1.56819
1862.01 1.56799
1862.98 1.56738
1863.94 1.56754
1864.91 1.56915
1865.87 1.57438
1866.83 1.58231
1867.8 1.59397
1868.76 1.61003
1869.73 1.60407
1870.69 1.57893
1871.66 1.56995
1872.62 1.56848
1873.58 1.56862
1874.55 1.56844
1875.51 1.56884
1876.48 1.56874
1877.44 1.56902
1878.41 1.56909
1879.37 1.56964
1880.33 1.56913
1881.3 1.56919
1882.26 1.56907
1883.23 1.56993
1884.19 1.57123
1885.16 1.57139
1886.12 1.56997
1887.08 1.57007
1888.05 1.57423
1889.01 1.58868
1889.98 1.58913
1890.94 1.5749
1891.91 1.57052
1892.87 1.57076
1893.83 1.573
1894.8 1.57792
1895.76 1.57671
1896.73 1.57178
1897.69 1.57093
1898.66 1.57088
1899.62 1.57111
1900.58 1.57109
1901.55 1.57135
1902.51 1.57121
1903.48 1.57183
1904.44 1.57217
1905.4 1.57191
1906.37 1.57225
1907.33 1.57494
1908.3 1.57636
1909.26 1.5784
1910.23 1.57891
1911.19 1.57433
1912.15 1.5723
1913.12 1.57243
1914.08 1.57271
1915.05 1.57292
1916.01 1.57422
1916.98 1.58821
1917.94 1.60475
1918.9 1.58941
1919.87 1.57473
1920.83 1.57455
1921.8 1.58026
1922.76 1.58717
1923.73 1.58234
1924.69 1.5751
1925.65 1.57374
1926.62 1.57378
1927.58 1.57379
1928.55 1.57395
1929.51 1.57412
1930.48 1.57426
1931.44 1.57436
1932.4 1.57488
1933.37 1.57502
1934.33 1.5748
1935.3 1.5747
1936.26 1.5749
1937.23 1.57497
1938.19 1.57516
1939.15 1.57532
1940.12 1.57589
1941.08 1.58039
1942.05 1.59273
1943.01 1.5919
1943.98 1.58013
1944.94 1.57855
1945.9 1.57938
1946.87 1.57815
1947.83 1.57707
1948.8 1.57818
1949.76 1.579
1950.73 1.57827
1951.69 1.57725
1952.65 1.57715
1953.62 1.57748
1954.58 1.57874
1955.55 1.57915
1956.51 1.58046
1957.48 1.58745
1958.44 1.59871
1959.4 1.59557
1960.37 1.58397
1961.33 1.57997
1962.3 1.57892
1963.26 1.57869
1964.23 1.57868
1965.19 1.57978
1966.15 1.58322
1967.12 1.58675
1968.08 1.58396
1969.05 1.57986
1970.01 1.57917
1970.98 1.57915
1971.94 1.5792
1972.9 1.57934
1973.87 1.57944
1974.83 1.57957
1975.8 1.57976
1976.76 1.57985
1977.73 1.57993
1978.69 1.58007
1979.65 1.58025
1980.62 1.58026
1981.58 1.5803
1982.55 1.58047
1983.51 1.58068
1984.48 1.58079
1985.44 1.58093
1986.4 1.58112
1987.37 1.58265
1988.33 1.58436
1989.3 1.58314
1990.26 1.58328
1991.23 1.59003
1992.19 1.59304
1993.15 1.58634
1994.12 1.5826
1995.08 1.5822
1996.05 1.58238
1997.01 1.58253
1997.98 1.58302
1998.94 1.58334
1999.9 1.58334
2000.87 1.58315
2001.83 1.58323
2002.8 1.58329
2003.76 1.58355
2004.73 1.58361
2005.69 1.58371
2006.65 1.58395
2007.62 1.58448
2008.58 1.58461
2009.55 1.58468
2010.51 1.58459
2011.48 1.5846
2012.44 1.58462
2013.4 1.58474
2014.37 1.58495
2015.33 1.58613
2016.3 1.58945
2017.26 1.59019
2018.22 1.58826
2019.19 1.58743
2020.15 1.58635
2021.12 1.58622
2022.08 1.58648
2023.05 1.58676
2024.01 1.58657
2024.97 1.58675
2025.94 1.58718
2026.9 1.58821
2027.87 1.59062
2028.83 1.59303
2029.8 1.59094
2030.76 1.58846
2031.72 1.58778
2032.69 1.58776
2033.65 1.58784
2034.62 1.58812
2035.58 1.58811
2036.55 1.58836
2037.51 1.58859
2038.47 1.58881
2039.44 1.58881
2040.4 1.5899
2041.37 1.59095
2042.33 1.59022
2043.3 1.58972
2044.26 1.5899
2045.22 1.58972
2046.19 1.58993
2047.15 1.58996
2048.12 1.59009
2049.08 1.59015
2050.05 1.59039
2051.01 1.59054
2051.97 1.59075
2052.94 1.59075
2053.9 1.59094
2054.87 1.59095
2055.83 1.59109
2056.8 1.59126
2057.76 1.59158
2058.72 1.59171
2059.69 1.59206
2060.65 1.59215
2061.62 1.59211
2062.58 1.59213
2063.55 1.59305
2064.51 1.59479
2065.47 1.59484
2066.44 1.59331
2067.4 1.59306
2068.37 1.59312
2069.33 1.59333
2070.3 1.59333
2071.26 1.59349
2072.22 1.59359
2073.19 1.59391
2074.15 1.59417
2075.12 1.59438
2076.08 1.59433
2077.05 1.59452
2078.01 1.59454
2078.97 1.59477
2079.94 1.5948
2080.9 1.59501
2081.87 1.59511
2082.83 1.5953
2083.8 1.59539
2084.76 1.5956
2085.72 1.59568
2086.69 1.59601
2087.65 1.59611
2088.62 1.59637
2089.58 1.5971
2090.55 1.59729
2091.51 1.59672
2092.47 1.59673
2093.44 1.59666
2094.4 1.59696
2095.37 1.59722
2096.33 1.59756
2097.3 1.59765
2098.26 1.59782
2099.22 1.59781
2100.19 1.59803
2101.15 1.59811
2102.12 1.59835
2103.08 1.59832
2104.05 1.59841
2105.01 1.59844
2105.97 1.59874
2106.94 1.59892
2107.9 1.59919
2108.87 1.59926
2109.83 1.59946
2110.8 1.59949
2111.76 1.59965
2112.72 1.59962
2113.69 1.59997
2114.65 1.60033
2115.62 1.60055
2116.58 1.60033
2117.55 1.60044
2118.51 1.60052
2119.47 1.60085
2120.44 1.601
2121.4 1.6013
2122.37 1.6013
2123.33 1.60148
2124.3 1.60158
2125.26 1.60175
2126.22 1.60173
2127.19 1.60195
2128.15 1.60196
2129.12 1.60226
2130.08 1.60245
2131.05 1.60266
2132.01 1.60259
2132.97 1.60285
2133.94 1.60303
2134.9 1.6034
2135.87 1.60357
2136.83 1.60369
2137.8 1.60363
2138.76 1.6038
2139.72 1.60383
2140.69 1.60402
2141.65 1.60408
2142.62 1.60428
2143.58 1.60427
2144.55 1.60457
2145.51 1.60464
2146.47 1.60493
2147.44 1.60508
2148.4 1.60519
2149.37 1.60518
2150.33 1.60537
2151.3 1.60536
2152.26 1.60564
2153.22 1.60581
2154.19 1.60613
2155.15 1.60604
2156.12 1.60611
2157.08 1.60621
2158.05 1.60653
2159.01 1.60652
2159.97 1.60676
2160.94 1.60691
2161.9 1.60722
2162.87 1.60725
2163.83 1.6075
2164.8 1.60749
2165.76 1.60767
2166.72 1.60776
2167.69 1.60806
2168.65 1.60809
2169.62 1.60835
2170.58 1.6084
2171.55 1.60869
2172.51 1.60871
2173.47 1.60892
2174.44 1.60894
2175.4 1.60924
2176.37 1.60926
2177.33 1.60944
2178.3 1.60939
2179.26 1.6096
2180.22 1.60974
2181.19 1.61003
2182.15 1.6101
2183.12 1.61034
2184.08 1.61032
2185.05 1.61055
2186.01 1.61061
2186.97 1.61089
2187.94 1.6108
2188.9 1.61099
2189.87 1.6112
2190.83 1.61151
2191.8 1.61147
2192.76 1.61163
2193.72 1.61166
2194.69 1.61195
2195.65 1.61194
2196.62 1.61218
2197.58 1.61224
2198.55 1.61251
2199.51 1.61257
2200.47 1.61289
2201.44 1.61292
2202.4 1.6131
2203.37 1.6131
2204.33 1.61344
2205.3 1.61344
2206.26 1.61368
2207.22 1.61369
2208.19 1.614
2209.15 1.61405
2210.12 1.61429
2211.08 1.61437
2212.04 1.61464
2213.01 1.61457
2213.97 1.61485
2214.94 1.61487
2215.9 1.61509
2216.87 1.6151
2217.83 1.61535
2218.79 1.61526
2219.76 1.61551
2220.72 1.61557
2221.69 1.61592
2222.65 1.616
2223.62 1.61629
2224.58 1.6163
2225.54 1.61659
2226.51 1.61665
2227.47 1.61689
2228.44 1.61676
2229.4 1.61703
2230.37 1.6171
2231.33 1.61747
2232.29 1.61756
2233.26 1.6178
2234.22 1.61777
2235.19 1.61818
2236.15 1.61827
2237.12 1.61846
2238.08 1.61838
2239.04 1.61884
2240.01 1.61889
2240.97 1.61917
2241.94 1.61914
2242.9 1.61954
2243.86 1.61951
2244.83 1.61977
2245.79 1.61983
2246.76 1.62015
2247.72 1.62015
2248.69 1.62049
2249.65 1.62056
2250.61 1.62088
2251.58 1.62101
2252.54 1.6214
2253.51 1.62151
2254.47 1.62189
2255.44 1.62186
2256.4 1.62209
2257.36 1.62218
2258.33 1.62262
2259.29 1.62269
2260.26 1.62294
2261.22 1.62306
2262.19 1.62353
2263.15 1.62355
2264.11 1.62388
2265.08 1.62388
2266.04 1.62425
2267.01 1.62432
2267.97 1.62482
2268.94 1.62483
2269.9 1.62515
2270.86 1.62514
2271.83 1.62545
2272.79 1.62535
2273.76 1.62561
2274.72 1.6255
2275.69 1.62579
2276.65 1.62569
2277.61 1.62595
2278.58 1.62567
2279.54 1.62592
2280.51 1.62562
2281.47 1.62591
2282.44 1.62584
2283.4 1.62614
2284.36 1.62622
2285.33 1.62689
2286.29 1.62711
2287.26 1.62777
2288.22 1.62796
2289.19 1.62902
2290.15 1.62919
2291.11 1.63017
2292.08 1.63017
2293.04 1.63111
2294.01 1.63153
2294.97 1.63232
2295.94 1.63308
2296.9 1.63353
2297.86 1.63432
2298.83 1.63502
2299.79 1.63584
2300.76 1.63739
2301.72 1.63746
2302.69 1.63979
2303.65 1.63954
2304.61 1.64291
2305.58 1.64254
2306.54 1.64644
2307.51 1.64666
2308.47 1.65039
2309.44 1.65183
2310.4 1.65492
2311.36 1.65798
2312.33 1.66023
2313.29 1.66507
2314.26 1.66618
2315.22 1.67216
2316.19 1.67302
2317.15 1.68031
2318.11 1.68159
2319.08 1.68997
2320.04 1.69093
2321.01 1.69924
2321.97 1.70039
2322.94 1.70833
2323.9 1.70939
2324.86 1.71576
2325.83 1.71628
2326.79 1.72228
2327.76 1.72483
2328.72 1.73135
2329.69 1.73314
2330.65 1.73825
2331.61 1.73927
2332.58 1.74257
2333.54 1.74222
2334.51 1.74443
2335.47 1.74534
2336.44 1.74844
2337.4 1.74718
2338.36 1.74835
2339.33 1.74839
2340.29 1.74844
2341.26 1.74554
2342.22 1.74255
2343.19 1.73734
2344.15 1.73189
2345.11 1.72238
2346.08 1.71055
2347.04 1.69459
2348.01 1.67824
2348.97 1.66856
2349.94 1.67737
2350.9 1.6952
2351.86 1.7135
2352.83 1.7288
2353.79 1.74445
2354.76 1.75692
2355.72 1.76718
2356.69 1.77496
2357.65 1.78252
2358.61 1.78777
2359.58 1.79098
2360.54 1.79249
2361.51 1.79383
2362.47 1.79243
2363.44 1.79049
2364.4 1.78697
2365.36 1.78254
2366.33 1.77668
2367.29 1.77024
2368.26 1.76238
2369.22 1.75416
2370.19 1.74459
2371.15 1.73491
2372.11 1.72455
2373.08 1.71436
2374.04 1.70398
2375.01 1.69427
2375.97 1.68495
2376.93 1.67664
2377.9 1.66882
2378.86 1.66227
2379.83 1.65667
2380.79 1.65238
2381.76 1.64879
2382.72 1.64635
2383.68 1.64432
2384.65 1.643
2385.61 1.64182
2386.58 1.64133
2387.54 1.64094
2388.51 1.64097
2389.47 1.64092
2390.43 1.64101
2391.4 1.64098
2392.36 1.64131
2393.33 1.64144
2394.29 1.6416
2395.26 1.64155
2396.22 1.64176
2397.18 1.64184
2398.15 1.64211
2399.11 1.64221
2400.08 1.64234
2401.04 1.64229
2402.01 1.64247
2402.97 1.64262
2403.93 1.64287
2404.9 1.64296
2405.86 1.64317
2406.83 1.64315
2407.79 1.6433
2408.76 1.64343
2409.72 1.64363
2410.68 1.64373
2411.65 1.64396
2412.61 1.64399
2413.58 1.64415
2414.54 1.64424
2415.51 1.64435
2416.47 1.64444
2417.43 1.64472
2418.4 1.64486
2419.36 1.64513
2420.33 1.6453
2421.29 1.64542
2422.26 1.6454
2423.22 1.64559
2424.18 1.6458
2425.15 1.64585
2426.11 1.64587
2427.08 1.64618
2428.04 1.64631
2429.01 1.64645
2429.97 1.64655
2430.93 1.64675
2431.9 1.64681
2432.86 1.64698
2433.83 1.64715
2434.79 1.64732
2435.76 1.64749
2436.72 1.64768
2437.68 1.64775
2438.65 1.64788
2439.61 1.64791
2440.58 1.64813
2441.54 1.64829
2442.51 1.64841
2443.47 1.64853
2444.43 1.64871
2445.4 1.64889
2446.36 1.64904
2447.33 1.64905
2448.29 1.64923
2449.26 1.64935
2450.22 1.64953
2451.18 1.64974
2452.15 1.64996
2453.11 1.65008
2454.08 1.65021
2455.04 1.65024
2456.01 1.65033
2456.97 1.65045
2457.93 1.65065
2458.9 1.65075
2459.86 1.65095
2460.83 1.6511
2461.79 1.65118
2462.76 1.65143
2463.72 1.65174
2464.68 1.65183
2465.65 1.65192
2466.61 1.65205
2467.58 1.65224
2468.54 1.65241
2469.51 1.65257
2470.47 1.65273
2471.43 1.65293
2472.4 1.65302
2473.36 1.65302
2474.33 1.65306
2475.29 1.65326
2476.26 1.65343
2477.22 1.65357
2478.18 1.65372
2479.15 1.65389
2480.11 1.654
2481.08 1.65414
2482.04 1.65424
2483.01 1.6544
2483.97 1.65458
2484.93 1.65481
2485.9 1.65495
2486.86 1.65504
2487.83 1.65519
2488.79 1.6553
2489.76 1.65547
2490.72 1.65567
2491.68 1.65581
2492.65 1.656
2493.61 1.65614
2494.58 1.65624
2495.54 1.65626
2496.51 1.65629
2497.47 1.65654
2498.43 1.65676
2499.4 1.65687
2500.36 1.65704
2501.33 1.65727
2502.29 1.65739
2503.26 1.65747
2504.22 1.65754
2505.18 1.65754
2506.15 1.65754
2507.11 1.65762
2508.08 1.65778
2509.04 1.65796
2510.01 1.65824
2510.97 1.6584
2511.93 1.65855
2512.9 1.65869
2513.86 1.65878
2514.83 1.6588
2515.79 1.65899
2516.76 1.65916
2517.72 1.65925
2518.68 1.65944
2519.65 1.65968
2520.61 1.65995
2521.58 1.66002
2522.54 1.66005
2523.51 1.66025
2524.47 1.66039
2525.43 1.66048
2526.4 1.6606
2527.36 1.6608
2528.33 1.66101
2529.29 1.66114
2530.26 1.66127
2531.22 1.66136
2532.18 1.66148
2533.15 1.66159
2534.11 1.66183
2535.08 1.66205
2536.04 1.66235
2537.01 1.66259
2537.97 1.66266
2538.93 1.66267
2539.9 1.66266
2540.86 1.66282
2541.83 1.66314
2542.79 1.6633
2543.76 1.66356
2544.72 1.66374
2545.68 1.66377
2546.65 1.66392
2547.61 1.66415
2548.58 1.66414
2549.54 1.66424
2550.51 1.66436
2551.47 1.66457
2552.43 1.66481
2553.4 1.66505
2554.36 1.6652
2555.33 1.66531
2556.29 1.66546
2557.26 1.66559
2558.22 1.66563
2559.18 1.66578
2560.15 1.66594
2561.11 1.66614
2562.08 1.66633
2563.04 1.66645
2564.01 1.66654
2564.97 1.6668
2565.93 1.66713
2566.9 1.66732
2567.86 1.66734
2568.83 1.66746
2569.79 1.6677
2570.75 1.66794
2571.72 1.66812
2572.68 1.66812
2573.65 1.66814
2574.61 1.66839
2575.58 1.66861
2576.54 1.66871
2577.5 1.66876
2578.47 1.66888
2579.43 1.66906
2580.4 1.66937
2581.36 1.66964
2582.33 1.66982
2583.29 1.66996
2584.25 1.67018
2585.22 1.67029
2586.18 1.67036
2587.15 1.67048
2588.11 1.67063
2589.08 1.67086
2590.04 1.67119
2591 1.67119
2591.97 1.67128
2592.93 1.67163
2593.9 1.67186
2594.86 1.672
2595.83 1.67214
2596.79 1.6722
2597.75 1.67232
2598.72 1.67237
2599.68 1.67261
2600.65 1.67287
2601.61 1.67298
2602.57 1.67299
2603.54 1.67321
2604.5 1.67342
2605.47 1.67362
2606.43 1.67382
2607.4 1.67403
2608.36 1.67412
2609.32 1.67442
2610.29 1.67469
2611.25 1.6747
2612.22 1.67465
2613.18 1.67481
2614.15 1.67497
2615.11 1.6751
2616.07 1.67533
2617.04 1.67564
2618 1.67584
2618.97 1.67593
2619.93 1.67596
2620.9 1.67617
2621.86 1.67635
2622.82 1.67646
2623.79 1.67659
2624.75 1.67683
2625.72 1.67708
2626.68 1.67727
2627.65 1.6773
2628.61 1.67744
2629.57 1.67764
2630.54 1.67783
2631.5 1.6779
2632.47 1.67813
2633.43 1.67831
2634.4 1.67846
2635.36 1.67871
2636.32 1.67895
2637.29 1.67909
2638.25 1.67929
2639.22 1.67941
2640.18 1.67953
2641.15 1.67977
2642.11 1.67991
2643.07 1.67991
2644.04 1.6801
2645 1.6803
2645.97 1.68064
2646.93 1.68086
2647.9 1.681
2648.86 1.68103
2649.82 1.68113
2650.79 1.68133
2651.75 1.6816
2652.72 1.68174
2653.68 1.68186
2654.65 1.68212
2655.61 1.68243
2656.57 1.68256
2657.54 1.6827
2658.5 1.68286
2659.47 1.68314
2660.43 1.68329
2661.4 1.68342
2662.36 1.68344
2663.32 1.68359
2664.29 1.6838
2665.25 1.68397
2666.22 1.68412
2667.18 1.68436
2668.15 1.68448
2669.11 1.68461
2670.07 1.68477
2671.04 1.68482
2672 1.68483
2672.97 1.68512
2673.93 1.68528
2674.9 1.68545
2675.86 1.68573
2676.82 1.68596
2677.79 1.68596
2678.75 1.68621
2679.72 1.68652
2680.68 1.68663
2681.65 1.68672
2682.61 1.68688
2683.57 1.68708
2684.54 1.68732
2685.5 1.68748
2686.47 1.68767
2687.43 1.6878
2688.4 1.68799
2689.36 1.68809
2690.32 1.68815
2691.29 1.68834
2692.25 1.68855
2693.22 1.68871
2694.18 1.68897
2695.15 1.68917
2696.11 1.68934
2697.07 1.6894
2698.04 1.68962
2699 1.68978
2699.97 1.69
2700.93 1.69018
2701.9 1.69039
2702.86 1.69051
2703.82 1.69064
2704.79 1.69088
2705.75 1.69117
2706.72 1.69133
2707.68 1.69156
2708.65 1.69169
2709.61 1.69186
2710.57 1.69201
2711.54 1.69226
2712.5 1.69236
2713.47 1.69254
2714.43 1.69279
2715.4 1.6929
2716.36 1.69289
2717.32 1.69306
2718.29 1.69337
2719.25 1.69359
2720.22 1.69363
2721.18 1.69386
2722.15 1.69401
2723.11 1.6943
2724.07 1.69468
2725.04 1.69484
2726 1.69478
2726.97 1.69486
2727.93 1.69508
2728.9 1.69533
2729.86 1.69556
2730.82 1.69587
2731.79 1.69606
2732.75 1.69618
2733.72 1.69622
2734.68 1.69633
2735.64 1.6965
2736.61 1.69671
2737.57 1.69693
2738.54 1.69712
2739.5 1.69729
2740.47 1.69755
2741.43 1.69767
2742.39 1.69782
2743.36 1.69802
2744.32 1.69823
2745.29 1.69829
2746.25 1.69838
2747.22 1.69848
2748.18 1.69878
2749.14 1.69903
2750.11 1.69917
2751.07 1.69917
2752.04 1.69941
2753 1.69973
2753.97 1.69999
2754.93 1.70008
2755.89 1.7002
2756.86 1.70044
2757.82 1.70068
2758.79 1.70082
2759.75 1.70104
2760.72 1.70126
2761.68 1.70159
2762.64 1.70176
2763.61 1.70185
2764.57 1.70186
2765.54 1.70205
2766.5 1.70229
2767.47 1.7026
2768.43 1.70293
2769.39 1.70321
2770.36 1.70317
2771.32 1.70334
2772.29 1.70359
2773.25 1.70371
2774.22 1.7038
2775.18 1.70407
2776.14 1.70443
2777.11 1.70467
2778.07 1.70489
2779.04 1.70508
2780 1.70525
2780.97 1.70554
2781.93 1.70571
2782.89 1.70605
2783.86 1.70626
2784.82 1.70644
2785.79 1.70667
2786.75 1.70691
2787.72 1.70716
2788.68 1.70744
2789.64 1.70775
2790.61 1.70801
2791.57 1.70814
2792.54 1.7084
2793.5 1.70858
2794.47 1.70881
2795.43 1.70919
2796.39 1.70942
2797.36 1.70953
2798.32 1.7098
2799.29 1.70998
2800.25 1.71025
2801.22 1.71061
2802.18 1.71093
2803.14 1.71116
2804.11 1.71144
2805.07 1.71161
2806.04 1.7118
2807 1.71203
2807.97 1.71235
2808.93 1.71255
2809.89 1.7127
2810.86 1.71288
2811.82 1.71327
2812.79 1.71354
2813.75 1.71384
2814.72 1.7142
2815.68 1.71448
2816.64 1.71464
2817.61 1.71491
2818.57 1.71523
2819.54 1.71557
2820.5 1.71576
2821.47 1.71609
2822.43 1.71625
2823.39 1.7164
2824.36 1.71679
2825.32 1.71737
2826.29 1.7177
2827.25 1.718
2828.22 1.71829
2829.18 1.71855
2830.14 1.71893
2831.11 1.71948
2832.07 1.71993
2833.04 1.72044
2834 1.72091
2834.97 1.72144
2835.93 1.7221
2836.89 1.72286
2837.86 1.72358
2838.82 1.72431
2839.79 1.72514
2840.75 1.72621
2841.72 1.72741
2842.68 1.72871
2843.64 1.73002
2844.61 1.73167
2845.57 1.73333
2846.54 1.73517
2847.5 1.73698
2848.47 1.73854
2849.43 1.73984
2850.39 1.74095
2851.36 1.74185
2852.32 1.7424
2853.29 1.74231
2854.25 1.74224
2855.22 1.74204
2856.18 1.74135
2857.14 1.74054
2858.11 1.73996
2859.07 1.73921
2860.04 1.73861
2861 1.7381
2861.97 1.73752
2862.93 1.73715
2863.89 1.73688
2864.86 1.73651
2865.82 1.73631
2866.79 1.73625
2867.75 1.73641
2868.72 1.73661
2869.68 1.73692
2870.64 1.73727
2871.61 1.73757
2872.57 1.73756
2873.54 1.73744
2874.5 1.73735
2875.47 1.73735
2876.43 1.73714
2877.39 1.73704
2878.36 1.73701
2879.32 1.73703
2880.29 1.73696
2881.25 1.73695
2882.22 1.73706
2883.18 1.73736
2884.14 1.73765
2885.11 1.73805
2886.07 1.73847
2887.04 1.73889
2888 1.73937
2888.97 1.73998
2889.93 1.74066
2890.89 1.74144
2891.86 1.74207
2892.82 1.74263
2893.79 1.74328
2894.75 1.74394
2895.72 1.74462
2896.68 1.74552
2897.64 1.74639
2898.61 1.7472
2899.57 1.74799
2900.54 1.74882
2901.5 1.74947
2902.47 1.75028
2903.43 1.75121
2904.39 1.75213
2905.36 1.75304
2906.32 1.75418
2907.29 1.75521
2908.25 1.75629
2909.22 1.75729
2910.18 1.75829
2911.14 1.75966
2912.11 1.76126
2913.07 1.76284
2914.04 1.76458
2915 1.76655
2915.97 1.76847
2916.93 1.77019
2917.89 1.77187
2918.86 1.77351
2919.82 1.77521
2920.79 1.77658
2921.75 1.77741
2922.72 1.77791
2923.68 1.7784
2924.64 1.77835
2925.61 1.77796
2926.57 1.77735
2927.54 1.77662
2928.5 1.77568
2929.46 1.77476
2930.43 1.7739
2931.39 1.77297
2932.36 1.77199
2933.32 1.77107
2934.29 1.76975
2935.25 1.7683
2936.21 1.76715
2937.18 1.76626
2938.14 1.76522
2939.11 1.76417
2940.07 1.76305
2941.04 1.76221
2942 1.76153
2942.96 1.7609
2943.93 1.76051
2944.89 1.76063
2945.86 1.76049
2946.82 1.76046
2947.79 1.76089
2948.75 1.76146
2949.71 1.76234
2950.68 1.76348
2951.64 1.76452
2952.61 1.76567
2953.57 1.76686
2954.54 1.76789
2955.5 1.76882
2956.46 1.76979
2957.43 1.77064
2958.39 1.77145
2959.36 1.77201
2960.32 1.7723
2961.28 1.77224
2962.25 1.7719
2963.21 1.77146
2964.18 1.77082
2965.14 1.76982
2966.11 1.76838
2967.07 1.76658
2968.03 1.76509
2969 1.76366
2969.96 1.76206
2970.93 1.76051
2971.89 1.75922
2972.86 1.75803
2973.82 1.75705
2974.78 1.75627
2975.75 1.75536
2976.71 1.75452
2977.68 1.75403
2978.64 1.75346
2979.61 1.75305
2980.57 1.75271
2981.53 1.75222
2982.5 1.75181
2983.46 1.75172
2984.43 1.75148
2985.39 1.75108
2986.36 1.75105
2987.32 1.75132
2988.28 1.75122
2989.25 1.75096
2990.21 1.75073
2991.18 1.75071
2992.14 1.75075
2993.11 1.75094
2994.07 1.75119
2995.03 1.75123
2996 1.75094
2996.96 1.75082
2997.93 1.75086
2998.89 1.751
2999.86 1.75123
3000.82 1.75138
3001.78 1.75139
3002.75 1.75164
3003.71 1.75211
3004.68 1.75246
3005.64 1.75241
3006.61 1.75225
3007.57 1.75222
3008.53 1.75249
3009.5 1.753
3010.46 1.75327
3011.43 1.75348
3012.39 1.75417
3013.36 1.75402
3014.32 1.75389
3015.28 1.75424
3016.25 1.75422
3017.21 1.7541
3018.18 1.75444
3019.14 1.75451
3020.11 1.75467
3021.07 1.75509
3022.03 1.75556
3023 1.75577
3023.96 1.75598
3024.93 1.75639
3025.89 1.75671
3026.86 1.75654
3027.82 1.75653
3028.78 1.75664
3029.75 1.75731
3030.71 1.75861
3031.68 1.75923
3032.64 1.75846
3033.61 1.75832
3034.57 1.75867
3035.53 1.7588
3036.5 1.75886
3037.46 1.75906
3038.43 1.75938
3039.39 1.75947
3040.36 1.75958
3041.32 1.75984
3042.28 1.75993
3043.25 1.76009
3044.21 1.76028
3045.18 1.76064
3046.14 1.76114
3047.11 1.76162
3048.07 1.76238
3049.03 1.76273
3050 1.76234
3050.96 1.76239
3051.93 1.76277
3052.89 1.76298
3053.86 1.76316
3054.82 1.76375
3055.78 1.76487
3056.75 1.7652
3057.71 1.76461
3058.68 1.76461
3059.64 1.765
3060.61 1.76521
3061.57 1.76518
3062.53 1.76551
3063.5 1.76647
3064.46 1.7671
3065.43 1.76668
3066.39 1.76709
3067.36 1.76737
3068.32 1.76707
3069.28 1.76704
3070.25 1.76708
3071.21 1.76719
3072.18 1.76747
3073.14 1.76766
3074.11 1.76796
3075.07 1.76824
3076.03 1.76843
3077 1.76889
3077.96 1.76933
3078.93 1.7698
3079.89 1.77019
3080.86 1.77015
3081.82 1.7704
3082.78 1.77038
3083.75 1.77019
3084.71 1.77027
3085.68 1.77074
3086.64 1.77119
3087.61 1.77133
3088.57 1.77122
3089.53 1.77141
3090.5 1.77171
3091.46 1.77207
3092.43 1.77256
3093.39 1.77302
3094.36 1.77325
3095.32 1.77423
3096.28 1.77481
3097.25 1.7744
3098.21 1.77442
3099.18 1.77509
3100.14 1.77565
3101.11 1.77613
3102.07 1.7762
3103.03 1.77609
3104 1.77591
3104.96 1.77607
3105.93 1.77632
3106.89 1.77666
3107.86 1.77697
3108.82 1.77731
3109.78 1.77766
3110.75 1.77789
3111.71 1.77822
3112.68 1.77844
3113.64 1.77863
3114.61 1.77945
3115.57 1.78032
3116.53 1.78018
3117.5 1.78011
3118.46 1.78098
3119.43 1.78094
3120.39 1.78041
3121.36 1.7811
3122.32 1.78249
3123.28 1.78224
3124.25 1.78181
3125.21 1.78243
3126.18 1.78304
3127.14 1.78283
3128.11 1.78278
3129.07 1.78296
3130.03 1.7832
3131 1.78362
3131.96 1.78456
3132.93 1.78547
3133.89 1.78503
3134.86 1.78458
3135.82 1.78492
3136.78 1.7852
3137.75 1.78543
3138.71 1.78561
3139.68 1.78583
3140.64 1.78627
3141.61 1.78668
3142.57 1.78694
3143.53 1.78722
3144.5 1.78746
3145.46 1.78754
3146.43 1.78773
3147.39 1.78814
3148.35 1.78845
3149.32 1.78889
3150.28 1.78912
3151.25 1.78935
3152.21 1.78954
3153.18 1.78984
3154.14 1.79018
3155.1 1.79044
3156.07 1.79056
3157.03 1.79098
3158 1.79161
3158.96 1.79194
3159.93 1.7921
3160.89 1.79245
3161.85 1.79278
3162.82 1.79295
3163.78 1.79305
3164.75 1.79332
3165.71 1.79369
3166.68 1.79411
3167.64 1.79436
3168.6 1.79462
3169.57 1.79495
3170.53 1.79515
3171.5 1.79545
3172.46 1.79595
3173.43 1.79636
3174.39 1.79652
3175.35 1.79647
3176.32 1.79696
3177.28 1.79815
3178.25 1.79894
3179.21 1.7982
3180.18 1.79792
3181.14 1.79824
3182.1 1.79857
3183.07 1.79874
3184.03 1.79946
3185 1.80028
3185.96 1.80011
3186.93 1.79994
3187.89 1.80023
3188.85 1.8005
3189.82 1.80088
3190.78 1.80121
3191.75 1.80159
3192.71 1.80187
3193.68 1.8021
3194.64 1.8024
3195.6 1.80308
3196.57 1.8039
3197.53 1.80457
3198.5 1.80416
3199.46 1.80392
3200.43 1.80428
3201.39 1.80458
3202.35 1.80478
3203.32 1.8051
3204.28 1.80538
3205.25 1.80558
3206.21 1.80572
3207.18 1.80611
3208.14 1.80668
3209.1 1.80773
3210.07 1.8082
3211.03 1.80777
3212 1.80769
3212.96 1.80852
3213.93 1.8096
3214.89 1.80941
3215.85 1.80908
3216.82 1.80933
3217.78 1.80971
3218.75 1.81064
3219.71 1.81117
3220.68 1.8111
3221.64 1.81108
3222.6 1.81108
3223.57 1.81105
3224.53 1.81125
3225.5 1.81144
3226.46 1.8118
3227.43 1.81237
3228.39 1.81265
3229.35 1.81306
3230.32 1.8133
3231.28 1.81312
3232.25 1.8134
3233.21 1.81372
3234.18 1.81362
3235.14 1.81385
3236.1 1.8146
3237.07 1.81479
3238.03 1.81446
3239 1.8147
3239.96 1.81517
3240.93 1.81524
3241.89 1.8154
3242.85 1.8157
3243.82 1.81667
3244.78 1.81788
3245.75 1.81728
3246.71 1.81655
3247.68 1.81671
3248.64 1.81694
3249.6 1.81719
3250.57 1.81735
3251.53 1.81755
3252.5 1.818
3253.46 1.8192
3254.43 1.81953
3255.39 1.81874
3256.35 1.81905
3257.32 1.81966
3258.28 1.81944
3259.25 1.81938
3260.21 1.81973
3261.18 1.81982
3262.14 1.81992
3263.1 1.82003
3264.07 1.82041
3265.03 1.82093
3266 1.821
3266.96 1.82092
3267.93 1.82086
3268.89 1.82114
3269.85 1.82144
3270.82 1.82161
3271.78 1.82185
3272.75 1.82285
3273.71 1.82378
3274.68 1.8234
3275.64 1.82368
3276.6 1.82418
3277.57 1.82346
3278.53 1.82333
3279.5 1.82389
3280.46 1.82415
3281.42 1.82403
3282.39 1.82451
3283.35 1.82482
3284.32 1.82461
3285.28 1.82455
3286.25 1.82478
3287.21 1.82517
3288.17 1.82593
3289.14 1.82614
3290.1 1.82603
3291.07 1.82647
3292.03 1.82684
3293 1.82681
3293.96 1.82659
3294.92 1.82662
3295.89 1.8271
3296.85 1.82773
3297.82 1.82791
3298.78 1.82765
3299.75 1.8276
3300.71 1.82776
3301.67 1.82812
3302.64 1.82845
3303.6 1.82852
3304.57 1.82856
3305.53 1.82881
3306.5 1.82903
3307.46 1.82987
3308.42 1.83099
3309.39 1.831
3310.35 1.83052
3311.32 1.83039
3312.28 1.83073
3313.24 1.83126
3314.21 1.83105
3315.17 1.83108
3316.14 1.83135
3317.1 1.83163
3318.07 1.83178
3319.03 1.83195
3319.99 1.8321
3320.96 1.83231
3321.92 1.83253
3322.89 1.83308
3323.85 1.83344
3324.82 1.83371
3325.78 1.83392
3326.74 1.83427
3327.71 1.83422
3328.67 1.83409
3329.64 1.8342
3330.6 1.83456
3331.57 1.83479
3332.53 1.83514
3333.49 1.8358
3334.46 1.83644
3335.42 1.83639
3336.39 1.83691
3337.35 1.83684
3338.32 1.83635
3339.28 1.83631
3340.24 1.83657
3341.21 1.83678
3342.17 1.83698
3343.14 1.8372
3344.1 1.83751
3345.07 1.83779
3346.03 1.83801
3346.99 1.83809
3347.96 1.83814
3348.92 1.83825
3349.89 1.8386
3350.85 1.83899
3351.82 1.83941
3352.78 1.83975
3353.74 1.83999
3354.71 1.84034
3355.67 1.84095
3356.64 1.8412
3357.6 1.84114
3358.57 1.8411
3359.53 1.84143
3360.49 1.8419
3361.46 1.84274
3362.42 1.84266
3363.39 1.84258
3364.35 1.84303
3365.32 1.84364
3366.28 1.84379
3367.24 1.84392
3368.21 1.8438
3369.17 1.84324
3370.14 1.84318
3371.1 1.84355
3372.07 1.84374
3373.03 1.84417
3373.99 1.84453
3374.96 1.84468
3375.92 1.8447
3376.89 1.84488
3377.85 1.84512
3378.82 1.84551
3379.78 1.84593
3380.74 1.84625
3381.71 1.84632
3382.67 1.84666
3383.64 1.84732
3384.6 1.84794
3385.57 1.84802
3386.53 1.84786
3387.49 1.84768
3388.46 1.84774
3389.42 1.84774
3390.39 1.84787
3391.35 1.8488
3392.32 1.85069
3393.28 1.85059
3394.24 1.8493
3395.21 1.8493
3396.17 1.85046
3397.14 1.85146
3398.1 1.85067
3399.07 1.84987
3400.03 1.85014
3400.99 1.85055
3401.96 1.85079
3402.92 1.85119
3403.89 1.85148
3404.85 1.85142
3405.82 1.85144
3406.78 1.85144
3407.74 1.8517
3408.71 1.85192
3409.67 1.85215
3410.64 1.85238
3411.6 1.85256
3412.57 1.85264
3413.53 1.85283
3414.49 1.85288
3415.46 1.85305
3416.42 1.85338
3417.39 1.85381
3418.35 1.85438
3419.32 1.8561
3420.28 1.85809
3421.24 1.85781
3422.21 1.8567
3423.17 1.8561
3424.14 1.85559
3425.1 1.85553
3426.07 1.85594
3427.03 1.85651
3427.99 1.85669
3428.96 1.85654
3429.92 1.8568
3430.89 1.8577
3431.85 1.85793
3432.82 1.85814
3433.78 1.85811
3434.74 1.85798
3435.71 1.85831
3436.67 1.85875
3437.64 1.85905
3438.6 1.85937
3439.57 1.85944
3440.53 1.8597
3441.49 1.86124
3442.46 1.86286
3443.42 1.86139
3444.39 1.86079
3445.35 1.86203
3446.32 1.86665
3447.28 1.86923
3448.24 1.8646
3449.21 1.86161
3450.17 1.86112
3451.14 1.86122
3452.1 1.86136
3453.07 1.86138
3454.03 1.86169
3454.99 1.86221
3455.96 1.86252
3456.92 1.86254
3457.89 1.86273
3458.85 1.86302
3459.82 1.86343
3460.78 1.86428
3461.74 1.86526
3462.71 1.86564
3463.67 1.86447
3464.64 1.86374
3465.6 1.86427
3466.57 1.86554
3467.53 1.86541
3468.49 1.86449
3469.46 1.86439
3470.42 1.86483
3471.39 1.86497
3472.35 1.86497
3473.32 1.8654
3474.28 1.86671
3475.24 1.86699
3476.21 1.86574
3477.17 1.86526
3478.14 1.86544
3479.1 1.86627
3480.07 1.86824
3481.03 1.87031
3481.99 1.87195
3482.96 1.86971
3483.92 1.86703
3484.89 1.86724
3485.85 1.86758
3486.82 1.86855
3487.78 1.87056
3488.74 1.86972
3489.71 1.86748
3490.67 1.86739
3491.64 1.86739
3492.6 1.86726
3493.57 1.86737
3494.53 1.86856
3495.49 1.86986
3496.46 1.87064
3497.42 1.86914
3498.39 1.86784
3499.35 1.86816
3500.32 1.86921
3501.28 1.87163
3502.24 1.87604
3503.21 1.87855
3504.17 1.87542
3505.14 1.87156
3506.1 1.8695
3507.06 1.86896
3508.03 1.87132
3508.99 1.87656
3509.96 1.87569
3510.92 1.87141
3511.89 1.87034
3512.85 1.86978
3513.81 1.86957
3514.78 1.86914
3515.74 1.86923
3516.71 1.86973
3517.67 1.87055
3518.64 1.87132
3519.6 1.8709
3520.56 1.87022
3521.53 1.87269
3522.49 1.87816
3523.46 1.88002
3524.42 1.87725
3525.39 1.87642
3526.35 1.87817
3527.31 1.87991
3528.28 1.87964
3529.24 1.87815
3530.21 1.87473
3531.17 1.87336
3532.14 1.87144
3533.1 1.87066
3534.06 1.87047
3535.03 1.87277
3535.99 1.87706
3536.96 1.87595
3537.92 1.87196
3538.89 1.87174
3539.85 1.87163
3540.81 1.87172
3541.78 1.87249
3542.74 1.87574
3543.71 1.87953
3544.67 1.88579
3545.64 1.88782
3546.6 1.88925
3547.56 1.8853
3548.53 1.87694
3549.49 1.87383
3550.46 1.8751
3551.42 1.88214
3552.39 1.88529
3553.35 1.88006
3554.31 1.87602
3555.28 1.87336
3556.24 1.87394
3557.21 1.87455
3558.17 1.87429
3559.14 1.8773
3560.1 1.88148
3561.06 1.87896
3562.03 1.87871
3562.99 1.88208
3563.96 1.88412
3564.92 1.89212
3565.89 1.91224
3566.85 1.92151
3567.81 1.92414
3568.78 1.90465
3569.74 1.88244
3570.71 1.8784
3571.67 1.87573
3572.64 1.87569
3573.6 1.87767
3574.56 1.87894
3575.53 1.8778
3576.49 1.87936
3577.46 1.87924
3578.42 1.87811
3579.39 1.88082
3580.35 1.88091
3581.31 1.87767
3582.28 1.87856
3583.24 1.88084
3584.21 1.88103
3585.17 1.88984
3586.14 1.9169
3587.1 1.92499
3588.06 1.92814
3589.03 1.92048
3589.99 1.88909
3590.96 1.87965
3591.92 1.88335
3592.89 1.8936
3593.85 1.89368
3594.81 1.8997
3595.78 1.89948
3596.74 1.88862
3597.71 1.88771
3598.67 1.88986
3599.64 1.89004
3600.6 1.89503
3601.56 1.89073
3602.53 1.88538
3603.49 1.88227
3604.46 1.88113
3605.42 1.8845
3606.39 1.90139
3607.35 1.90916
3608.31 1.92337
3609.28 1.94072
3610.24 1.90679
3611.21 1.89628
3612.17 1.92387
3613.14 1.92147
3614.1 1.90732
3615.06 1.90238
3616.03 1.89357
3616.99 1.90908
3617.96 1.92475
3618.92 1.9407
3619.89 1.94313
3620.85 1.90992
3621.81 1.89224
3622.78 1.88617
3623.74 1.88576
3624.71 1.88651
3625.67 1.89392
3626.64 1.90349
3627.6 1.94944
3628.56 2.01391
3629.53 2.00797
3630.49 1.93496
3631.46 1.89343
3632.42 1.89225
3633.39 1.90666
3634.35 1.90297
3635.31 1.88772
3636.28 1.88421
3637.24 1.88803
3638.21 1.89015
3639.17 1.88708
3640.13 1.88544
3641.1 1.88805
3642.06 1.89149
3643.03 1.89045
3643.99 1.88714
3644.96 1.89219
3645.92 1.91609
3646.88 1.95607
3647.85 1.96834
3648.81 1.99353
3649.78 2.00156
3650.74 1.97843
3651.71 1.93965
3652.67 1.8991
3653.63 1.89006
3654.6 1.89781
3655.56 1.94094
3656.53 1.95495
3657.49 1.90891
3658.46 1.88917
3659.42 1.88973
3660.38 1.88993
3661.35 1.8884
3662.31 1.88832
3663.28 1.88797
3664.24 1.88885
3665.21 1.88946
3666.17 1.89108
3667.13 1.89928
3668.1 1.9325
3669.06 1.95761
3670.03 1.99185
3670.99 1.99533
3671.95 1.92514
3672.92 1.90432
3673.88 1.94476
3674.85 2.0263
3675.81 2.04614
3676.78 1.96882
3677.74 1.91437
3678.7 1.91639
3679.67 1.91887
3680.63 1.90402
3681.6 1.89487
3682.56 1.89484
3683.53 1.89652
3684.49 1.89962
3685.45 1.89889
3686.42 1.9067
3687.38 1.96057
3688.35 2.02422
3689.31 1.97111
3690.28 1.94651
3691.24 1.95936
3692.2 1.92709
3693.17 1.90445
3694.13 1.90217
3695.1 1.90144
3696.06 1.90324
3697.03 1.90268
3697.99 1.90103
3698.95 1.9012
3699.92 1.90539
3700.88 1.92866
3701.85 1.94552
3702.81 1.92002
3703.78 1.90377
3704.74 1.90367
3705.7 1.90543
3706.67 1.90502
3707.63 1.911
3708.6 1.9413
3709.56 1.95878
3710.53 1.94685
3711.49 1.98907
3712.45 1.99886
3713.42 1.93694
3714.38 1.9151
3715.35 1.91133
3716.31 1.90582
3717.28 1.90736
3718.24 1.91866
3719.2 1.92297
3720.17 1.91412
3721.13 1.92527
3722.1 1.94587
3723.06 1.93353
3724.03 1.92361
3724.99 1.93302
3725.95 1.9467
3726.92 1.94539
3727.88 1.92269
3728.85 1.91387
3729.81 1.91601
3730.78 1.94115
3731.74 1.99383
3732.7 1.98257
3733.67 1.95903
3734.63 1.99519
3735.6 2.00923
3736.56 2.00467
3737.53 1.96826
3738.49 1.94007
3739.45 1.9264
3740.42 1.93284
3741.38 1.93732
3742.35 1.93636
3743.31 2.00847
3744.28 2.14055
3745.24 2.06948
3746.2 1.95602
3747.17 1.93686
3748.13 1.97842
3749.1 2.06244
3750.06 2.02861
3751.03 2.00012
3751.99 2.06081
3752.95 2.00792
3753.92 1.93704
3754.88 1.92367
3755.85 1.93791
3756.81 1.94355
3757.78 1.93153
3758.74 1.94691
3759.7 1.96671
3760.67 1.94081
3761.63 1.92022
3762.6 1.9184
3763.56 1.91968
3764.53 1.93189
3765.49 1.95411
3766.45 1.94195
3767.42 1.92304
3768.38 1.93241
3769.35 1.96962
3770.31 1.96865
3771.28 1.93233
3772.24 1.91999
3773.2 1.91826
3774.17 1.9184
3775.13 1.91847
3776.1 1.91919
3777.06 1.92124
3778.03 1.9316
3778.99 1.95624
3779.95 1.95429
3780.92 1.92899
3781.88 1.92242
3782.85 1.92288
3783.81 1.93072
3784.78 1.93624
3785.74 1.93004
3786.7 1.92439
3787.67 1.92303
3788.63 1.92285
3789.6 1.92333
3790.56 1.92261
3791.53 1.92295
3792.49 1.92379
3793.45 1.92472
3794.42 1.92726
3795.38 1.94689
3796.35 1.96951
3797.31 1.9545
3798.28 1.93695
3799.24 1.9389
3800.2 1.98535
3801.17 2.05863
3802.13 2.02246
3803.1 1.95979
3804.06 1.93815
3805.03 1.93747
3805.99 1.98179
3806.95 2.02554
3807.92 1.97578
3808.88 1.93409
3809.85 1.93013
3810.81 1.92959
3811.78 1.93071
3812.74 1.93152
3813.7 1.93518
3814.67 1.96629
3815.63 2.04446
3816.6 2.02789
3817.56 1.95682
3818.53 1.94496
3819.49 1.97015
3820.45 2.0283
3821.42 2.04788
3822.38 1.99159
3823.35 1.94779
3824.31 1.9405
3825.28 1.94464
3826.24 1.96093
3827.2 1.95987
3828.17 1.94412
3829.13 1.93777
3830.1 1.9457
3831.06 1.97722
3832.03 1.98077
3832.99 1.95184
3833.95 1.96661
3834.92 1.99224
3835.88 1.97468
3836.85 2.00809
3837.81 2.06709
3838.78 2.01173
3839.74 1.98185
3840.7 1.98848
3841.67 1.9685
3842.63 1.96177
3843.6 1.97852
3844.56 1.96117
3845.53 1.94378
3846.49 1.9404
3847.45 1.94124
3848.42 1.94461
3849.38 1.95213
3850.35 1.96338
3851.31 2.02325
3852.28 2.07208
3853.24 2.12121
3854.2 2.17059
3855.17 2.03972
3856.13 1.96707
3857.1 1.96701
3858.06 1.95625
3859.02 1.94548
3859.99 1.94814
3860.95 1.96852
3861.92 1.98171
3862.88 1.96546
3863.85 1.98131
3864.81 2.01672
3865.77 1.99195
3866.74 1.95427
3867.7 1.95707
3868.67 1.99909
3869.63 2.05577
3870.6 2.02605
3871.56 1.97005
3872.52 1.95876
3873.49 1.98464
3874.45 1.99324
3875.42 1.96372
3876.38 1.94895
3877.35 1.94864
3878.31 1.95218
3879.27 1.97997
3880.24 2.00957
3881.2 1.98565
3882.17 1.96071
3883.13 1.96147
3884.1 1.96973
3885.06 2.01579
3886.02 2.0286
3886.99 1.97437
3887.95 1.95219
3888.92 1.95233
3889.88 1.96866
3890.84 2.00895
3891.81 2.00473
3892.77 1.96768
3893.74 1.9598
3894.7 1.9563
3895.67 1.9538
3896.63 1.95452
3897.59 1.96573
3898.56 1.99791
3899.52 2.011
3900.49 1.99051
3901.45 2.01182
3902.42 2.00759
3903.38 2.00835
3904.34 2.02001
3905.31 1.99166
3906.27 1.97208
3907.24 1.95949
3908.2 1.95498
3909.17 1.95513
3910.13 1.95546
3911.09 1.95562
3912.06 1.95612
3913.02 1.95676
3913.99 1.95715
3914.95 1.95955
3915.92 1.97323
3916.88 1.99116
3917.84 1.98041
3918.81 1.96879
3919.77 1.97866
3920.74 1.97255
3921.7 1.96091
3922.67 1.96281
3923.63 1.97104
3924.59 1.97969
3925.56 1.97459
3926.52 1.96305
3927.49 1.96124
3928.45 1.96526
3929.42 1.96955
3930.38 1.97004
3931.34 1.97741
3932.31 1.98613
3933.27 1.97583
3934.24 1.96663
3935.2 1.96361
3936.17 1.96231
3937.13 1.96296
3938.09 1.96443
3939.06 1.96449
3940.02 1.96405
3940.99 1.96657
3941.95 1.97826
3942.92 1.9828
3943.88 1.97227
3944.84 1.96693
3945.81 1.96675
3946.77 1.97281
3947.74 1.97659
3948.7 1.97462
3949.67 1.97672
3950.63 1.97353
3951.59 1.96846
3952.56 1.96954
3953.52 1.96921
3954.49 1.96783
3955.45 1.96815
3956.42 1.96963
3957.38 1.96985
3958.34 1.96927
3959.31 1.96935
3960.27 1.97032
3961.24 1.97329
3962.2 1.97362
3963.17 1.97044
3964.13 1.97005
3965.09 1.97005
3966.06 1.96982
3967.02 1.97002
3967.99 1.97143
3968.95 1.97276
3969.92 1.97207
3970.88 1.97168
3971.84 1.9736
3972.81 1.97451
3973.77 1.97453
3974.74 1.97458
3975.7 1.97493
3976.67 1.97422
3977.63 1.97338
3978.59 1.97366
3979.56 1.9745
3980.52 1.97486
3981.49 1.97513
3982.45 1.97553
3983.42 1.97514
3984.38 1.97466
3985.34 1.97492
3986.31 1.97518
3987.27 1.9755
3988.24 1.97593
3989.2 1.97678
3990.17 1.97808
3991.13 1.97818
3992.09 1.97759
3993.06 1.9776
3994.02 1.97835
3994.99 1.97935
3995.95 1.97883
3996.92 1.97844
3997.88 1.97834
3998.84 1.97846
3999.81 1.97874
