599.778 2.28671
600.743 2.27305
601.707 2.24915
602.671 2.23338
603.636 2.21639
604.6 2.20074
605.564 2.18029
606.528 2.16247
607.493 2.14222
608.457 2.12393
609.421 2.10309
610.385 2.08409
611.35 2.06228
612.314 2.04095
613.278 2.01851
614.243 1.99879
615.207 1.98283
616.171 1.97604
617.135 1.98023
618.1 1.95433
619.064 1.89366
620.028 1.85927
620.992 1.83467
621.957 1.81119
622.921 1.78598
623.885 1.76121
624.85 1.74449
625.814 1.7251
626.778 1.69037
627.742 1.66211
628.707 1.64569
629.671 1.62845
630.635 1.60483
631.6 1.58697
632.564 1.57383
633.528 1.55632
634.492 1.5387
635.457 1.52702
636.421 1.50689
637.385 1.48863
638.349 1.47287
639.314 1.46148
640.278 1.4501
641.242 1.43599
642.207 1.42394
643.171 1.41502
644.135 1.40767
645.099 1.39877
646.064 1.3911
647.028 1.39135
647.992 1.39951
648.956 1.40308
649.921 1.38446
650.885 1.36643
651.849 1.35201
652.813 1.33933
653.778 1.33776
654.742 1.32604
655.706 1.30475
656.671 1.30521
657.635 1.30428
658.599 1.28467
659.563 1.27253
660.528 1.26894
661.492 1.2567
662.456 1.23747
663.42 1.22194
664.385 1.21202
665.349 1.19675
666.313 1.2531
667.278 1.56721
668.242 2.09987
669.206 1.68906
670.17 1.36116
671.135 1.26673
672.099 1.2567
673.063 1.253
674.028 1.25779
674.992 1.2714
675.956 1.28045
676.92 1.28049
677.885 1.27816
678.849 1.27847
679.813 1.28229
680.778 1.27802
681.742 1.26817
682.706 1.26554
683.67 1.26706
684.635 1.26072
685.599 1.24943
686.563 1.24583
687.527 1.2517
688.492 1.24879
689.456 1.23569
690.42 1.22594
691.385 1.22337
692.349 1.21443
693.313 1.20398
694.277 1.19976
695.242 1.19766
696.206 1.18982
697.17 1.18013
698.134 1.17624
699.099 1.17357
700.063 1.16517
701.027 1.15559
701.991 1.15274
702.956 1.15439
703.92 1.15067
704.884 1.1452
705.849 1.14296
706.813 1.14258
707.777 1.13855
708.741 1.13224
709.706 1.13104
710.67 1.1328
711.634 1.1305
712.598 1.12732
713.563 1.12734
714.527 1.12752
715.491 1.12457
716.456 1.12204
717.42 1.12313
718.384 1.13078
719.348 1.15557
720.313 1.1804
721.277 1.15225
722.241 1.12153
723.206 1.11484
724.17 1.11253
725.134 1.11194
726.098 1.11087
727.063 1.10824
728.027 1.10616
728.991 1.10572
729.955 1.10406
730.92 1.10034
731.884 1.09739
732.848 1.09631
733.812 1.09399
734.777 1.08988
735.741 1.08767
736.705 1.0871
737.67 1.08448
738.634 1.07975
739.598 1.07777
740.562 1.07886
741.527 1.07624
742.491 1.06878
743.455 1.06493
744.42 1.06532
745.384 1.06163
746.348 1.05419
747.312 1.0507
748.277 1.0507
749.241 1.04794
750.205 1.04143
751.169 1.03775
752.134 1.03777
753.098 1.03555
754.062 1.02935
755.027 1.02495
755.991 1.02444
756.955 1.02275
757.919 1.01651
758.884 1.01187
759.848 1.01193
760.812 1.01132
761.777 1.00564
762.741 1.00083
763.705 1.00117
764.669 1.00162
765.634 0.99664
766.598 0.991644
767.562 0.991867
768.526 0.992963
769.491 0.988878
770.455 0.9837
771.419 0.983379
772.384 0.984946
773.348 0.981747
774.312 0.976911
775.276 0.976785
776.241 0.979404
777.205 0.977457
778.169 0.972619
779.133 0.972115
780.098 0.975047
781.062 0.974237
782.026 0.970589
782.99 0.970578
783.955 0.974715
784.919 0.97553
785.883 0.972723
786.848 0.973
787.812 0.977396
788.776 0.979759
789.74 0.978787
790.705 0.979729
791.669 0.984701
792.633 0.98801
793.597 0.987996
794.562 0.988928
795.526 0.993765
796.49 0.997386
797.455 0.997665
798.419 0.998773
799.383 1.00176
800.347 1.00394
801.312 1.00395
802.276 1.00375
803.24 1.00618
804.205 1.00804
805.169 1.00721
806.133 1.00573
807.097 1.00636
808.062 1.00738
809.026 1.00647
809.99 1.00448
810.955 1.00416
811.919 1.00471
812.883 1.00442
813.847 1.00328
814.812 1.00338
815.776 1.00447
816.74 1.00508
817.704 1.00468
818.669 1.00524
819.633 1.00661
820.597 1.0077
821.562 1.00779
822.526 1.00808
823.49 1.00869
824.454 1.00909
825.419 1.00861
826.383 1.00834
827.347 1.00838
828.311 1.00853
829.276 1.00808
830.24 1.00788
831.204 1.00802
832.168 1.00841
833.133 1.00836
834.097 1.00838
835.061 1.00833
836.026 1.00846
836.99 1.00821
837.954 1.00801
838.918 1.00791
839.883 1.00815
840.847 1.00801
841.811 1.00781
842.775 1.00753
843.74 1.00753
844.704 1.00732
845.668 1.00721
846.633 1.0069
847.597 1.00677
848.561 1.00646
849.525 1.00633
850.49 1.00602
851.454 1.00579
852.418 1.0053
853.383 1.00478
854.347 1.00411
855.311 1.00336
856.275 1.00214
857.24 1.00135
858.204 1.00063
859.168 0.999789
860.132 0.998303
861.097 0.997171
862.061 0.996239
863.025 0.995317
863.99 0.993875
864.954 0.992663
865.918 0.991531
866.882 0.990332
867.847 0.988677
868.811 0.98735
869.775 0.986179
870.739 0.985131
871.704 0.983462
872.668 0.981608
873.632 0.979613
874.597 0.97753
875.561 0.974769
876.525 0.971889
877.489 0.968995
878.454 0.966267
879.418 0.962785
880.382 0.959241
881.346 0.956137
882.311 0.953623
883.275 0.950563
884.239 0.947243
885.204 0.94403
886.168 0.941359
887.132 0.938514
888.096 0.93569
889.061 0.933057
890.025 0.93075
890.989 0.927933
891.953 0.925067
892.918 0.922422
893.882 0.920097
894.846 0.917379
895.811 0.914461
896.775 0.911723
897.739 0.90947
898.703 0.906772
899.668 0.903781
900.632 0.901009
901.596 0.898934
902.561 0.896446
903.525 0.893475
904.489 0.890682
905.453 0.888627
906.418 0.88626
907.382 0.883528
908.346 0.880873
909.31 0.878888
910.275 0.876725
911.239 0.874138
912.203 0.871312
913.168 0.869291
914.132 0.867463
915.096 0.865211
916.06 0.862537
917.025 0.860646
917.989 0.859121
918.953 0.857285
919.917 0.854846
920.882 0.852957
921.846 0.85153
922.81 0.84987
923.774 0.847616
924.739 0.845905
925.703 0.844701
926.667 0.843479
927.632 0.841632
928.596 0.840083
929.56 0.83915
930.524 0.838447
931.489 0.837017
932.453 0.835611
933.417 0.834687
934.381 0.834215
935.346 0.833247
936.31 0.832141
937.274 0.831441
938.239 0.831249
939.203 0.830558
940.167 0.8297
941.131 0.829066
942.096 0.829079
943.06 0.82891
944.024 0.828463
944.989 0.828019
945.953 0.828291
946.917 0.828623
947.881 0.828686
948.846 0.828476
949.81 0.828851
950.774 0.82946
951.739 0.829854
952.703 0.829973
953.667 0.830605
954.631 0.83147
955.596 0.832195
956.56 0.832475
957.524 0.8332
958.488 0.834286
959.453 0.835397
960.417 0.83611
961.381 0.836939
962.346 0.838056
963.31 0.839443
964.274 0.840444
965.238 0.841489
966.203 0.842778
967.167 0.844351
968.131 0.845489
969.095 0.846588
970.06 0.847965
971.024 0.849771
971.988 0.851288
972.952 0.852634
973.917 0.854055
974.881 0.855846
975.845 0.857374
976.81 0.858728
977.774 0.860003
978.738 0.861727
979.702 0.863411
980.667 0.865019
981.631 0.866461
982.595 0.868177
983.559 0.869898
984.524 0.871572
985.488 0.872997
986.452 0.874671
987.417 0.876352
988.381 0.878027
989.345 0.879442
990.309 0.880997
991.274 0.882539
992.238 0.884144
993.202 0.885574
994.167 0.887133
995.131 0.88859
996.095 0.890152
997.059 0.891499
998.024 0.893
998.988 0.894463
999.952 0.896086
1000.92 0.897568
1001.88 0.899131
1002.85 0.900701
1003.81 0.902374
1004.77 0.903849
1005.74 0.905446
1006.7 0.907018
1007.67 0.908762
1008.63 0.910346
1009.6 0.912162
1010.56 0.914017
1011.52 0.915899
1012.49 0.917567
1013.45 0.919315
1014.42 0.920954
1015.38 0.922611
1016.35 0.923983
1017.31 0.925359
1018.27 0.926566
1019.24 0.92782
1020.2 0.928823
1021.17 0.929825
1022.13 0.930658
1023.1 0.931504
1024.06 0.932054
1025.02 0.932565
1025.99 0.93294
1026.95 0.933435
1027.92 0.933664
1028.88 0.933841
1029.85 0.933886
1030.81 0.934182
1031.77 0.934384
1032.74 0.93464
1033.7 0.934785
1034.67 0.935016
1035.63 0.935224
1036.6 0.935551
1037.56 0.935655
1038.52 0.935974
1039.49 0.936339
1040.45 0.93668
1041.42 0.936869
1042.38 0.937138
1043.34 0.937273
1044.31 0.937642
1045.27 0.9379
1046.24 0.938234
1047.2 0.938535
1048.17 0.938927
1049.13 0.939095
1050.09 0.939326
1051.06 0.939585
1052.02 0.94001
1052.99 0.940231
1053.95 0.940482
1054.92 0.940671
1055.88 0.941085
1056.84 0.941332
1057.81 0.941724
1058.77 0.942026
1059.74 0.942505
1060.7 0.943019
1061.67 0.943508
1062.63 0.943902
1063.59 0.944585
1064.56 0.945287
1065.52 0.946328
1066.49 0.94712
1067.45 0.947769
1068.42 0.948515
1069.38 0.949353
1070.34 0.95004
1071.31 0.950908
1072.27 0.951682
1073.24 0.952601
1074.2 0.953357
1075.17 0.953951
1076.13 0.954348
1077.09 0.954801
1078.06 0.95507
1079.02 0.955517
1079.99 0.955889
1080.95 0.956148
1081.91 0.956067
1082.88 0.955988
1083.84 0.95586
1084.81 0.955972
1085.77 0.956063
1086.74 0.956173
1087.7 0.956056
1088.66 0.95594
1089.63 0.955891
1090.59 0.956089
1091.56 0.955989
1092.52 0.955674
1093.49 0.955296
1094.45 0.954961
1095.41 0.954454
1096.38 0.953963
1097.34 0.953451
1098.31 0.952937
1099.27 0.952164
1100.24 0.951397
1101.2 0.950467
1102.16 0.949406
1103.13 0.948089
1104.09 0.946858
1105.06 0.945579
1106.02 0.944495
1106.99 0.943119
1107.95 0.941418
1108.91 0.939717
1109.88 0.938269
1110.84 0.936784
1111.81 0.935198
1112.77 0.933255
1113.74 0.931481
1114.7 0.929751
1115.66 0.928087
1116.63 0.926274
1117.59 0.924567
1118.56 0.922751
1119.52 0.921004
1120.49 0.919418
1121.45 0.917687
1122.41 0.915379
1123.38 0.91321
1124.34 0.911003
1125.31 0.908899
1126.27 0.906791
1127.24 0.904841
1128.2 0.902762
1129.16 0.900733
1130.13 0.898755
1131.09 0.896938
1132.06 0.895061
1133.02 0.893274
1133.99 0.89158
1134.95 0.890554
1135.91 0.889277
1136.88 0.887092
1137.84 0.88498
1138.81 0.883169
1139.77 0.881597
1140.74 0.880199
1141.7 0.878643
1142.66 0.876939
1143.63 0.875052
1144.59 0.873195
1145.56 0.871261
1146.52 0.869305
1147.49 0.867254
1148.45 0.865451
1149.41 0.863783
1150.38 0.86181
1151.34 0.859743
1152.31 0.857712
1153.27 0.855333
1154.24 0.853097
1155.2 0.850967
1156.16 0.848873
1157.13 0.846822
1158.09 0.844871
1159.06 0.842916
1160.02 0.841021
1160.99 0.839093
1161.95 0.837194
1162.91 0.835218
1163.88 0.833351
1164.84 0.831585
1165.81 0.829512
1166.77 0.827019
1167.74 0.824713
1168.7 0.82252
1169.66 0.820396
1170.63 0.818268
1171.59 0.816164
1172.56 0.814131
1173.52 0.813417
1174.49 0.812805
1175.45 0.809389
1176.41 0.806087
1177.38 0.804274
1178.34 0.802826
1179.31 0.801566
1180.27 0.800084
1181.24 0.797857
1182.2 0.794603
1183.16 0.791367
1184.13 0.788711
1185.09 0.786515
1186.06 0.785326
1187.02 0.78432
1187.99 0.781097
1188.95 0.778034
1189.91 0.775915
1190.88 0.773928
1191.84 0.771998
1192.81 0.770074
1193.77 0.768115
1194.73 0.766247
1195.7 0.764369
1196.66 0.762702
1197.63 0.761688
1198.59 0.760069
1199.56 0.757442
1200.52 0.755485
1201.48 0.753845
1202.45 0.752183
1203.41 0.750452
1204.38 0.748823
1205.34 0.74722
1206.31 0.745616
1207.27 0.7439
1208.23 0.742313
1209.2 0.740816
1210.16 0.739552
1211.13 0.73923
1212.09 0.739191
1213.06 0.736348
1214.02 0.733189
1214.98 0.731474
1215.95 0.729931
1216.91 0.728511
1217.88 0.727645
1218.84 0.726372
1219.81 0.72419
1220.77 0.722423
1221.73 0.720913
1222.7 0.719454
1223.66 0.718518
1224.63 0.719038
1225.59 0.717844
1226.56 0.71448
1227.52 0.71232
1228.48 0.710901
1229.45 0.709608
1230.41 0.708206
1231.38 0.706806
1232.34 0.705413
1233.31 0.704032
1234.27 0.702637
1235.23 0.701333
1236.2 0.700095
1237.16 0.698934
1238.13 0.697795
1239.09 0.696802
1240.06 0.695528
1241.02 0.69424
1241.98 0.693277
1242.95 0.693417
1243.91 0.694371
1244.88 0.692558
1245.84 0.689753
1246.81 0.68871
1247.77 0.688054
1248.73 0.687411
1249.7 0.686768
1250.66 0.6866
1251.63 0.686809
1252.59 0.687581
1253.56 0.68882
1254.52 0.690643
1255.48 0.692946
1256.45 0.695901
1257.41 0.699112
1258.38 0.702748
1259.34 0.709599
1260.31 0.716691
1261.27 0.711938
1262.23 0.705356
1263.2 0.702207
1264.16 0.698593
1265.13 0.694924
1266.09 0.691225
1267.06 0.686711
1268.02 0.684074
1268.98 0.682504
1269.95 0.68104
1270.91 0.681438
1271.88 0.682186
1272.84 0.673793
1273.81 0.666944
1274.77 0.665009
1275.73 0.663681
1276.7 0.662479
1277.66 0.66131
1278.63 0.660438
1279.59 0.660713
1280.56 0.660027
1281.52 0.65787
1282.48 0.65655
1283.45 0.656112
1284.41 0.655632
1285.38 0.654743
1286.34 0.656774
1287.31 0.66249
1288.27 0.662431
1289.23 0.656706
1290.2 0.654652
1291.16 0.653008
1292.13 0.650401
1293.09 0.649403
1294.06 0.648683
1295.02 0.648581
1295.98 0.650475
1296.95 0.651085
1297.91 0.647964
1298.88 0.646267
1299.84 0.645739
1300.81 0.645433
1301.77 0.645227
1302.73 0.645183
1303.7 0.644932
1304.66 0.645351
1305.63 0.645684
1306.59 0.645505
1307.56 0.648418
1308.52 0.649572
1309.48 0.644472
1310.45 0.642681
1311.41 0.648441
1312.38 0.662877
1313.34 0.665505
1314.31 0.658032
1315.27 0.650566
1316.23 0.65428
1317.2 0.661671
1318.16 0.66796
1319.13 0.677496
1320.09 0.663264
1321.06 0.646613
1322.02 0.638176
1322.98 0.637496
1323.95 0.63633
1324.91 0.634394
1325.88 0.633554
1326.84 0.633886
1327.81 0.633514
1328.77 0.633966
1329.73 0.635031
1330.7 0.634155
1331.66 0.632526
1332.63 0.632987
1333.59 0.632431
1334.56 0.632663
1335.52 0.64413
1336.48 0.66861
1337.45 0.678214
1338.41 0.706546
1339.38 0.739046
1340.34 0.732657
1341.31 0.676321
1342.27 0.638196
1343.23 0.634606
1344.2 0.634114
1345.16 0.63452
1346.13 0.634126
1347.09 0.635042
1348.06 0.638077
1349.02 0.647657
1349.98 0.64555
1350.95 0.637909
1351.91 0.636017
1352.88 0.637226
1353.84 0.645563
1354.81 0.658673
1355.77 0.649127
1356.73 0.641159
1357.7 0.644881
1358.66 0.645244
1359.63 0.650185
1360.59 0.690177
1361.56 0.720771
1362.52 0.766565
1363.48 0.766877
1364.45 0.677135
1365.41 0.644297
1366.38 0.642179
1367.34 0.654241
1368.31 0.682869
1369.27 0.678587
1370.23 0.650461
1371.2 0.647361
1372.16 0.661187
1373.13 0.722316
1374.09 0.778728
1375.06 0.751539
1376.02 0.686152
1376.98 0.659224
1377.95 0.669305
1378.91 0.668326
1379.88 0.660591
1380.84 0.652431
1381.81 0.650283
1382.77 0.651367
1383.73 0.651608
1384.7 0.654362
1385.66 0.678669
1386.63 0.755795
1387.59 0.801733
1388.56 0.716602
1389.52 0.663292
1390.48 0.662547
1391.45 0.662765
1392.41 0.664121
1393.38 0.718858
1394.34 0.833525
1395.3 0.838099
1396.27 0.757307
1397.23 0.728683
1398.2 0.780176
1399.16 0.829768
1400.13 0.748654
1401.09 0.677247
1402.05 0.668459
1403.02 0.672866
1403.98 0.71909
1404.95 0.779321
1405.91 0.729713
1406.88 0.67538
1407.84 0.66965
1408.8 0.672399
1409.77 0.681479
1410.73 0.68667
1411.7 0.693411
1412.66 0.681942
1413.63 0.671363
1414.59 0.675264
1415.55 0.700288
1416.52 0.745805
1417.48 0.797477
1418.45 0.901109
1419.41 1.01447
1420.38 0.825823
1421.34 0.699002
1422.3 0.692722
1423.27 0.763029
1424.23 0.788852
1425.2 0.709728
1426.16 0.674361
1427.12 0.676188
1428.09 0.689967
1429.05 0.743653
1430.02 0.793867
1430.98 0.732054
1431.95 0.694362
1432.91 0.70331
1433.88 0.697088
1434.84 0.711223
1435.8 0.853779
1436.77 1.01058
1437.73 0.825313
1438.7 0.688852
1439.66 0.663882
1440.62 0.659366
1441.59 0.657541
1442.55 0.654892
1443.52 0.65412
1444.48 0.655626
1445.45 0.660162
1446.41 0.682577
1447.38 0.766725
1448.34 0.784407
1449.3 0.690006
1450.27 0.658264
1451.23 0.681222
1452.2 0.705016
1453.16 0.682414
1454.12 0.709394
1455.09 0.816917
1456.05 1.01573
1457.02 1.19101
1457.98 1.08647
1458.95 0.928413
1459.91 0.76083
1460.88 0.670797
1461.84 0.65446
1462.8 0.660274
1463.77 0.733354
1464.73 0.868424
1465.7 0.794641
1466.66 0.675944
1467.62 0.652927
1468.59 0.647115
1469.55 0.652564
1470.52 0.704752
1471.48 0.886662
1472.45 1.03295
1473.41 0.967669
1474.38 0.797732
1475.34 0.764307
1476.3 0.831068
1477.27 0.723543
1478.23 0.640224
1479.2 0.629953
1480.16 0.649926
1481.12 0.686667
1482.09 0.664435
1483.05 0.631081
1484.02 0.626545
1484.98 0.637434
1485.95 0.687908
1486.91 0.789446
1487.88 0.803467
1488.84 0.817759
1489.8 0.94279
1490.77 0.904423
1491.73 0.732084
1492.7 0.644204
1493.66 0.636246
1494.62 0.671298
1495.59 0.822088
1496.55 0.898856
1497.52 0.790875
1498.48 0.829535
1499.45 0.790956
1500.41 0.684795
1501.38 0.679866
1502.34 0.675326
1503.3 0.663258
1504.27 0.74027
1505.23 1.00315
1506.2 1.36594
1507.16 1.37116
1508.12 1.1095
1509.09 0.937818
1510.05 0.821824
1511.02 0.748669
1511.98 0.787404
1512.95 0.754078
1513.91 0.699551
1514.88 0.759318
1515.84 0.854026
1516.8 1.01624
1517.77 0.942708
1518.73 0.774344
1519.7 0.852869
1520.66 1.11287
1521.62 1.1724
1522.59 1.01476
1523.55 0.836959
1524.52 0.833473
1525.48 0.9155
1526.45 0.845524
1527.41 0.830936
1528.37 0.818076
1529.34 0.733099
1530.3 0.689194
1531.27 0.737811
1532.23 0.827848
1533.2 0.997522
1534.16 0.980642
1535.12 0.800797
1536.09 0.740311
1537.05 0.767866
1538.02 0.956167
1538.98 1.34415
1539.95 1.4471
1540.91 1.2337
1541.87 1.19627
1542.84 1.09327
1543.8 0.977541
1544.77 1.00749
1545.73 0.932278
1546.7 0.780442
1547.66 0.736616
1548.62 0.774054
1549.59 0.889099
1550.55 0.872332
1551.52 0.759929
1552.48 0.746045
1553.44 0.858858
1554.41 0.99305
1555.37 0.872962
1556.34 0.853472
1557.3 1.11785
1558.27 1.55034
1559.23 1.6231
1560.19 1.34031
1561.16 0.927182
1562.12 0.746626
1563.09 0.713573
1564.05 0.768232
1565.02 0.817334
1565.98 0.742621
1566.94 0.695785
1567.91 0.741521
1568.87 0.916899
1569.84 1.00504
1570.8 0.805251
1571.77 0.700964
1572.73 0.688628
1573.69 0.699614
1574.66 0.771169
1575.62 0.999819
1576.59 1.07132
1577.55 0.829866
1578.52 0.711188
1579.48 0.679197
1580.44 0.671313
1581.41 0.668267
1582.37 0.668118
1583.34 0.665958
1584.3 0.662964
1585.27 0.660654
1586.23 0.659759
1587.19 0.658617
1588.16 0.659051
1589.12 0.665661
1590.09 0.670292
1591.05 0.667696
1592.02 0.665034
1592.98 0.663338
1593.94 0.684038
1594.91 0.692612
1595.87 0.677937
1596.84 0.666268
1597.8 0.653404
1598.77 0.649806
1599.73 0.650987
1600.69 0.662069
1601.66 0.668269
1602.62 0.677539
1603.59 0.677076
1604.55 0.654863
1605.52 0.65031
1606.48 0.673739
1607.44 0.684588
1608.41 0.683371
1609.37 0.705944
1610.34 0.681775
1611.3 0.651561
1612.27 0.649723
1613.23 0.652877
1614.19 0.664758
1615.16 0.73102
1616.12 0.944171
1617.09 1.01562
1618.05 0.780887
1619.02 0.679437
1619.98 0.664836
1620.94 0.671235
1621.91 0.717877
1622.87 0.858264
1623.84 0.886333
1624.8 0.730729
1625.77 0.666469
1626.73 0.707254
1627.69 0.794958
1628.66 0.741205
1629.62 0.661361
1630.59 0.646291
1631.55 0.647154
1632.52 0.65391
1633.48 0.696074
1634.44 0.889184
1635.41 1.17115
1636.37 1.00489
1637.34 0.862993
1638.3 0.757412
1639.27 0.675138
1640.23 0.665904
1641.19 0.65894
1642.16 0.660177
1643.12 0.657889
1644.09 0.675226
1645.05 0.803693
1646.02 1.0185
1646.98 1.04576
1647.94 0.980758
1648.91 0.807342
1649.87 0.700164
1650.84 0.739622
1651.8 0.991058
1652.77 1.5021
1653.73 1.45632
1654.69 1.02667
1655.66 0.762035
1656.62 0.671727
1657.59 0.648843
1658.55 0.635358
1659.52 0.632552
1660.48 0.646121
1661.44 0.705751
1662.41 0.829701
1663.37 0.804816
1664.34 0.670779
1665.3 0.633062
1666.27 0.630703
1667.23 0.667841
1668.19 0.803202
1669.16 0.972623
1670.12 0.872654
1671.09 0.816034
1672.05 0.770647
1673.02 0.680574
1673.98 0.723669
1674.94 0.926291
1675.91 0.888847
1676.87 0.694058
1677.84 0.642215
1678.8 0.66504
1679.77 0.74678
1680.73 0.754219
1681.69 0.718513
1682.66 0.85463
1683.62 1.19722
1684.59 1.3437
1685.55 0.965912
1686.52 0.728193
1687.48 0.704777
1688.44 0.735645
1689.41 0.733871
1690.37 0.717265
1691.34 0.662287
1692.3 0.637815
1693.27 0.648965
1694.23 0.721496
1695.19 0.969303
1696.16 1.11494
1697.12 0.886921
1698.09 0.790008
1699.05 0.91213
1700.02 1.32823
1700.98 1.17724
1701.94 0.805106
1702.91 0.702124
1703.87 0.768233
1704.84 0.820235
1705.8 0.835619
1706.77 0.823189
1707.73 0.699604
1708.69 0.647539
1709.66 0.677383
1710.62 0.68585
1711.59 0.647164
1712.55 0.658152
1713.52 0.736162
1714.48 0.862046
1715.44 0.874872
1716.41 0.873949
1717.37 1.05532
1718.34 1.08406
1719.3 0.828537
1720.27 0.672414
1721.23 0.639453
1722.19 0.647434
1723.16 0.677303
1724.12 0.667138
1725.09 0.631751
1726.05 0.626391
1727.02 0.627797
1727.98 0.631321
1728.94 0.681753
1729.91 0.772198
1730.87 0.731613
1731.84 0.709646
1732.8 0.860433
1733.77 1.13275
1734.73 1.07105
1735.69 0.782079
1736.66 0.668247
1737.62 0.665334
1738.59 0.716824
1739.55 0.851343
1740.52 0.796445
1741.48 0.671533
1742.44 0.703102
1743.41 0.768115
1744.37 0.718712
1745.34 0.68189
1746.3 0.71253
1747.27 0.76721
1748.23 0.822785
1749.19 0.811973
1750.16 0.789046
1751.12 0.876235
1752.09 0.78095
1753.05 0.652682
1754.01 0.620047
1754.98 0.621416
1755.94 0.68642
1756.91 0.752341
1757.87 0.686982
1758.84 0.635031
1759.8 0.62781
1760.76 0.694635
1761.73 0.809527
1762.69 0.728573
1763.66 0.63064
1764.62 0.613412
1765.59 0.611338
1766.55 0.628862
1767.51 0.715853
1768.48 0.757059
1769.44 0.673388
1770.41 0.714416
1771.37 0.868264
1772.34 0.971046
1773.3 0.839991
1774.26 0.687743
1775.23 0.684948
1776.19 0.673538
1777.16 0.623522
1778.12 0.620112
1779.09 0.642628
1780.05 0.694984
1781.01 0.709069
1781.98 0.643693
1782.94 0.615415
1783.91 0.642602
1784.87 0.687273
1785.84 0.650318
1786.8 0.610726
1787.76 0.609155
1788.73 0.614368
1789.69 0.644618
1790.66 0.724597
1791.62 0.806593
1792.59 0.866807
1793.55 0.750326
1794.51 0.650136
1795.48 0.669688
1796.44 0.669974
1797.41 0.630905
1798.37 0.64322
1799.34 0.717668
1800.3 0.713577
1801.26 0.687253
1802.23 0.691609
1803.19 0.649498
1804.16 0.613662
1805.12 0.611247
1806.09 0.610727
1807.05 0.623913
1808.01 0.632426
1808.98 0.624521
1809.94 0.666303
1810.91 0.698199
1811.87 0.657674
1812.84 0.626899
1813.8 0.607785
1814.76 0.604126
1815.73 0.604748
1816.69 0.617845
1817.66 0.625385
1818.62 0.612178
1819.59 0.60344
1820.55 0.605255
1821.51 0.60984
1822.48 0.620386
1823.44 0.627783
1824.41 0.692057
1825.37 0.75267
1826.34 0.669399
1827.3 0.619952
1828.26 0.662509
1829.23 0.781696
1830.19 0.814712
1831.16 0.686181
1832.12 0.620406
1833.09 0.617618
1834.05 0.614742
1835.01 0.609313
1835.98 0.619929
1836.94 0.64309
1837.91 0.635088
1838.87 0.611705
1839.84 0.6088
1840.8 0.612765
1841.76 0.63127
1842.73 0.671659
1843.69 0.804212
1844.66 0.837708
1845.62 0.691585
1846.59 0.641394
1847.55 0.662491
1848.51 0.650102
1849.48 0.616225
1850.44 0.608166
1851.41 0.607464
1852.37 0.609075
1853.34 0.607685
1854.3 0.607434
1855.26 0.607137
1856.23 0.608149
1857.19 0.610022
1858.16 0.617465
1859.12 0.617556
1860.09 0.613737
1861.05 0.616117
1862.01 0.615024
1862.98 0.610419
1863.94 0.610714
1864.91 0.617544
1865.87 0.645998
1866.83 0.686298
1867.8 0.735609
1868.76 0.786693
1869.73 0.757139
1870.69 0.664203
1871.66 0.622199
1872.62 0.611473
1873.58 0.610029
1874.55 0.609278
1875.51 0.610001
1876.48 0.610122
1877.44 0.610429
1878.41 0.611092
1879.37 0.613531
1880.33 0.611394
1881.3 0.610234
1882.26 0.609763
1883.23 0.613326
1884.19 0.621694
1885.16 0.623024
1886.12 0.614266
1887.08 0.612598
1888.05 0.626903
1889.01 0.68863
1889.98 0.702062
1890.94 0.637815
1891.91 0.614103
1892.87 0.613731
1893.83 0.62353
1894.8 0.651335
1895.76 0.648596
1896.73 0.619861
1897.69 0.613314
1898.66 0.61192
1899.62 0.612167
1900.58 0.612171
1901.55 0.614355
1902.51 0.613675
1903.48 0.616055
1904.44 0.618174
1905.4 0.615878
1906.37 0.615846
1907.33 0.630803
1908.3 0.639755
1909.26 0.648995
1910.23 0.654801
1911.19 0.628632
1912.15 0.614842
1913.12 0.614307
1914.08 0.614983
1915.05 0.615761
1916.01 0.619119
1916.98 0.660469
1917.94 0.725665
1918.9 0.680532
1919.87 0.624357
1920.83 0.621432
1921.8 0.650547
1922.76 0.692247
1923.73 0.667683
1924.69 0.625308
1925.65 0.615387
1926.62 0.615387
1927.58 0.615108
1928.55 0.615239
1929.51 0.614937
1930.48 0.615262
1931.44 0.615657
1932.4 0.618701
1933.37 0.619917
1934.33 0.617526
1935.3 0.615707
1936.26 0.616229
1937.23 0.616159
1938.19 0.616912
1939.15 0.616891
1940.12 0.618701
1941.08 0.635921
1942.05 0.69534
1943.01 0.702191
1943.98 0.642793
1944.94 0.631843
1945.9 0.638413
1946.87 0.630821
1947.83 0.620476
1948.8 0.619722
1949.76 0.620504
1950.73 0.619904
1951.69 0.618408
1952.65 0.618351
1953.62 0.619919
1954.58 0.626242
1955.55 0.626924
1956.51 0.623428
1957.48 0.627838
1958.44 0.639278
1959.4 0.638545
1960.37 0.628583
1961.33 0.625318
1962.3 0.621755
1963.26 0.619922
1964.23 0.620048
1965.19 0.626063
1966.15 0.644711
1967.12 0.664881
1968.08 0.650631
1969.05 0.625504
1970.01 0.620448
1970.98 0.620249
1971.94 0.620406
1972.9 0.62026
1973.87 0.620561
1974.83 0.620667
1975.8 0.621475
1976.76 0.621394
1977.73 0.621185
1978.69 0.620988
1979.65 0.621268
1980.62 0.621431
1981.58 0.621762
1982.55 0.621658
1983.51 0.621917
1984.48 0.621967
1985.44 0.622333
1986.4 0.622858
1987.37 0.630674
1988.33 0.641251
1989.3 0.633861
1990.26 0.628958
1991.23 0.658347
1992.19 0.681062
1993.15 0.650996
1994.12 0.62779
1995.08 0.624072
1996.05 0.623897
1997.01 0.624057
1997.98 0.625803
1998.94 0.627776
1999.9 0.626258
2000.87 0.624656
2001.83 0.624588
2002.8 0.624675
2003.76 0.624775
2004.73 0.624953
2005.69 0.625204
2006.65 0.626344
2007.62 0.627953
2008.58 0.627947
2009.55 0.627167
2010.51 0.626428
2011.48 0.625989
2012.44 0.626232
2013.4 0.626292
2014.37 0.626604
2015.33 0.63076
2016.3 0.648202
2017.26 0.654138
2018.22 0.642862
2019.19 0.63628
2020.15 0.62992
2021.12 0.627997
2022.08 0.628792
2023.05 0.630414
2024.01 0.629126
2024.97 0.628536
2025.94 0.629467
2026.9 0.630987
2027.87 0.63218
2028.83 0.6345
2029.8 0.632763
2030.76 0.630048
2031.72 0.629166
2032.69 0.629355
2033.65 0.629504
2034.62 0.629765
2035.58 0.62961
2036.55 0.630119
2037.51 0.630538
2038.47 0.630498
2039.44 0.630682
2040.4 0.636832
2041.37 0.64355
2042.33 0.637604
2043.3 0.633195
2044.26 0.633689
2045.22 0.632164
2046.19 0.63207
2047.15 0.631946
2048.12 0.631731
2049.08 0.631654
2050.05 0.631904
2051.01 0.631966
2051.97 0.632248
2052.94 0.632339
2053.9 0.6326
2054.87 0.632644
2055.83 0.632835
2056.8 0.632876
2057.76 0.633113
2058.72 0.633378
2059.69 0.634907
2060.65 0.635956
2061.62 0.634767
2062.58 0.633947
2063.55 0.637096
2064.51 0.646701
2065.47 0.648049
2066.44 0.639159
2067.4 0.635145
2068.37 0.634547
2069.33 0.634811
2070.3 0.634768
2071.26 0.635126
2072.22 0.635253
2073.19 0.636012
2074.15 0.6366
2075.12 0.63634
2076.08 0.636182
2077.05 0.637471
2078.01 0.637676
2078.97 0.637148
2079.94 0.636466
2080.9 0.636678
2081.87 0.636848
2082.83 0.636925
2083.8 0.636765
2084.76 0.637003
2085.72 0.637213
2086.69 0.638261
2087.65 0.638665
2088.62 0.639099
2089.58 0.642762
2090.55 0.643479
2091.51 0.639301
2092.47 0.638322
2093.44 0.638441
2094.4 0.638791
2095.37 0.638695
2096.33 0.638979
2097.3 0.639104
2098.26 0.639358
2099.22 0.639344
2100.19 0.639809
2101.15 0.639689
2102.12 0.639817
2103.08 0.639899
2104.05 0.640154
2105.01 0.640103
2105.97 0.640545
2106.94 0.640754
2107.9 0.640972
2108.87 0.640754
2109.83 0.640944
2110.8 0.641017
2111.76 0.641392
2112.72 0.641358
2113.69 0.642323
2114.65 0.643963
2115.62 0.643908
2116.58 0.64234
2117.55 0.64219
2118.51 0.642229
2119.47 0.642655
2120.44 0.64265
2121.4 0.64293
2122.37 0.642965
2123.33 0.64338
2124.3 0.643479
2125.26 0.643652
2126.22 0.643486
2127.19 0.643817
2128.15 0.643861
2129.12 0.644147
2130.08 0.644136
2131.05 0.644423
2132.01 0.64443
2132.97 0.644623
2133.94 0.6446
2134.9 0.645514
2135.87 0.646983
2136.83 0.64704
2137.8 0.645883
2138.76 0.646227
2139.72 0.646228
2140.69 0.645994
2141.65 0.645786
2142.62 0.646075
2143.58 0.646085
2144.55 0.646613
2145.51 0.646832
2146.47 0.646994
2147.44 0.646936
2148.4 0.647138
2149.37 0.647029
2150.33 0.64735
2151.3 0.647438
2152.26 0.64785
2153.22 0.647807
2154.19 0.648007
2155.15 0.647962
2156.12 0.648204
2157.08 0.648266
2158.05 0.648635
2159.01 0.648598
2159.97 0.648844
2160.94 0.649328
2161.9 0.650062
2162.87 0.649637
2163.83 0.649543
2164.8 0.649524
2165.76 0.649866
2166.72 0.649746
2167.69 0.650012
2168.65 0.650169
2169.62 0.650477
2170.58 0.650354
2171.55 0.650695
2172.51 0.650772
2173.47 0.650984
2174.44 0.650884
2175.4 0.651288
2176.37 0.65138
2177.33 0.651573
2178.3 0.651513
2179.26 0.651939
2180.22 0.651978
2181.19 0.652231
2182.15 0.652253
2183.12 0.652632
2184.08 0.652565
2185.05 0.652882
2186.01 0.653126
2186.97 0.653532
2187.94 0.653259
2188.9 0.653454
2189.87 0.653512
2190.83 0.653763
2191.8 0.653752
2192.76 0.654155
2193.72 0.654175
2194.69 0.654426
2195.65 0.654475
2196.62 0.654848
2197.58 0.654793
2198.55 0.655108
2199.51 0.655229
2200.47 0.655572
2201.44 0.655479
2202.4 0.655719
2203.37 0.655724
2204.33 0.656166
2205.3 0.656317
2206.26 0.656613
2207.22 0.656476
2208.19 0.65669
2209.15 0.656735
2210.12 0.657089
2211.08 0.657107
2212.04 0.657442
2213.01 0.657354
2213.97 0.65768
2214.94 0.657682
2215.9 0.657947
2216.87 0.657908
2217.83 0.658271
2218.79 0.658275
2219.76 0.658509
2220.72 0.658388
2221.69 0.658665
2222.65 0.658581
2223.62 0.658902
2224.58 0.658921
2225.54 0.659403
2226.51 0.659585
2227.47 0.660007
2228.44 0.660174
2229.4 0.660613
2230.37 0.660838
2231.33 0.661353
2232.29 0.66151
2233.26 0.662025
2234.22 0.662082
2235.19 0.662823
2236.15 0.66281
2237.12 0.66366
2238.08 0.663694
2239.04 0.664541
2240.01 0.664688
2240.97 0.66553
2241.94 0.665971
2242.9 0.66665
2243.86 0.667374
2244.83 0.667894
2245.79 0.669059
2246.76 0.669498
2247.72 0.670944
2248.69 0.671293
2249.65 0.673056
2250.61 0.673483
2251.58 0.675504
2252.54 0.67614
2253.51 0.678251
2254.47 0.678997
2255.44 0.68115
2256.4 0.681989
2257.36 0.68406
2258.33 0.68513
2259.29 0.687106
2260.26 0.688353
2261.22 0.690293
2262.19 0.691607
2263.15 0.693368
2264.11 0.69462
2265.08 0.696066
2266.04 0.697138
2267.01 0.698292
2267.97 0.699035
2268.94 0.699688
2269.9 0.700227
2270.86 0.700694
2271.83 0.70125
2272.79 0.701056
2273.76 0.700998
2274.72 0.701007
2275.69 0.70042
2276.65 0.69936
2277.61 0.698356
2278.58 0.696092
2279.54 0.694564
2280.51 0.691511
2281.47 0.688845
2282.44 0.686124
2283.4 0.684309
2284.36 0.688889
2285.33 0.694805
2286.29 0.70222
2287.26 0.710767
2288.22 0.71625
2289.19 0.72734
2290.15 0.731012
2291.11 0.741269
2292.08 0.747811
2293.04 0.75651
2294.01 0.769393
2294.97 0.770184
2295.94 0.787257
2296.9 0.789079
2297.86 0.80275
2298.83 0.807815
2299.79 0.818008
2300.76 0.83879
2301.72 0.835071
2302.69 0.858471
2303.65 0.852539
2304.61 0.8801
2305.58 0.888546
2306.54 0.92548
2307.51 0.94189
2308.47 0.966857
2309.44 0.9972
2310.4 1.00654
2311.36 1.04806
2312.33 1.04142
2313.29 1.0815
2314.26 1.06944
2315.22 1.10816
2316.19 1.11082
2317.15 1.16469
2318.11 1.18007
2319.08 1.24025
2320.04 1.26426
2321.01 1.31869
2321.97 1.33588
2322.94 1.37726
2323.9 1.39733
2324.86 1.42768
2325.83 1.43902
2326.79 1.48079
2327.76 1.5057
2328.72 1.53738
2329.69 1.55617
2330.65 1.57517
2331.61 1.58839
2332.58 1.59788
2333.54 1.60232
2334.51 1.60024
2335.47 1.61598
2336.44 1.66258
2337.4 1.65821
2338.36 1.64907
2339.33 1.66819
2340.29 1.6942
2341.26 1.70996
2342.22 1.71062
2343.19 1.69666
2344.15 1.66303
2345.11 1.61467
2346.08 1.53036
2347.04 1.42194
2348.01 1.27992
2348.97 1.20689
2349.94 1.29868
2350.9 1.42383
2351.86 1.54356
2352.83 1.65117
2353.79 1.739
2354.76 1.80662
2355.72 1.89836
2356.69 1.97659
2357.65 2.02522
2358.61 2.03988
2359.58 2.07381
2360.54 2.07813
2361.51 2.06029
2362.47 2.04453
2363.44 2.02754
2364.4 1.98502
2365.36 1.94273
2366.33 1.8842
2367.29 1.8235
2368.26 1.75727
2369.22 1.68613
2370.19 1.61078
2371.15 1.53542
2372.11 1.45817
2373.08 1.38172
2374.04 1.30666
2375.01 1.23489
2375.97 1.16606
2376.93 1.1012
2377.9 1.0403
2378.86 0.983866
2379.83 0.931494
2380.79 0.883359
2381.76 0.839465
2382.72 0.800616
2383.68 0.767613
2384.65 0.741202
2385.61 0.721305
2386.58 0.707254
2387.54 0.697809
2388.51 0.691934
2389.47 0.688547
2390.43 0.686733
2391.4 0.685794
2392.36 0.685374
2393.33 0.685227
2394.29 0.685272
2395.26 0.685358
2396.22 0.685445
2397.18 0.685568
2398.15 0.685705
2399.11 0.68585
2400.08 0.685978
2401.04 0.686118
2402.01 0.686259
2402.97 0.68644
2403.93 0.686569
2404.9 0.686725
2405.86 0.686849
2406.83 0.686972
2407.79 0.687049
2408.76 0.687192
2409.72 0.687324
2410.68 0.687518
2411.65 0.687649
2412.61 0.687788
2413.58 0.687952
2414.54 0.688164
2415.51 0.688265
2416.47 0.688389
2417.43 0.688492
2418.4 0.688674
2419.36 0.688844
2420.33 0.689018
2421.29 0.689096
2422.26 0.689235
2423.22 0.689383
2424.18 0.689566
2425.15 0.689717
2426.11 0.689959
2427.08 0.690098
2428.04 0.690234
2429.01 0.690308
2429.97 0.690457
2430.93 0.69056
2431.9 0.690775
2432.86 0.690915
2433.83 0.691095
2434.79 0.691174
2435.76 0.691369
2436.72 0.69149
2437.68 0.691688
2438.65 0.691787
2439.61 0.691962
2440.58 0.692075
2441.54 0.692257
2442.51 0.69236
2443.47 0.692537
2444.43 0.692629
2445.4 0.692804
2446.36 0.692934
2447.33 0.693121
2448.29 0.693226
2449.26 0.693371
2450.22 0.693411
2451.18 0.693667
2452.15 0.693834
2453.11 0.693994
2454.08 0.694051
2455.04 0.694212
2456.01 0.694336
2456.97 0.694531
2457.93 0.694637
2458.9 0.694812
2459.86 0.694881
2460.83 0.695096
2461.79 0.69523
2462.76 0.695396
2463.72 0.695485
2464.68 0.695661
2465.65 0.695751
2466.61 0.695925
2467.58 0.696
2468.54 0.696229
2469.51 0.696337
2470.47 0.696529
2471.43 0.696646
2472.4 0.696841
2473.36 0.696935
2474.33 0.697112
2475.29 0.6972
2476.26 0.697387
2477.22 0.697502
2478.18 0.697716
2479.15 0.697782
2480.11 0.69791
2481.08 0.698007
2482.04 0.69823
2483.01 0.698314
2483.97 0.698498
2484.93 0.698568
2485.9 0.698737
2486.86 0.698835
2487.83 0.698995
2488.79 0.699104
2489.76 0.69934
2490.72 0.699429
2491.68 0.699618
2492.65 0.699735
2493.61 0.699935
2494.58 0.700008
2495.54 0.700171
2496.51 0.700255
2497.47 0.700487
2498.43 0.700581
2499.4 0.700714
2500.36 0.700756
2501.33 0.700952
2502.29 0.701071
2503.26 0.701231
2504.22 0.701277
2505.18 0.701485
2506.15 0.701545
2507.11 0.701695
2508.08 0.701807
2509.04 0.701977
2510.01 0.702025
2510.97 0.702203
2511.93 0.702255
2512.9 0.702462
2513.86 0.702578
2514.83 0.702739
2515.79 0.702794
2516.76 0.703006
2517.72 0.70311
2518.68 0.703307
2519.65 0.703307
2520.61 0.703438
2521.58 0.703544
2522.54 0.703799
2523.51 0.703933
2524.47 0.704134
2525.43 0.704195
2526.4 0.704363
2527.36 0.704435
2528.33 0.704688
2529.29 0.70484
2530.26 0.705055
2531.22 0.705171
2532.18 0.705364
2533.15 0.705461
2534.11 0.705666
2535.08 0.705749
2536.04 0.705933
2537.01 0.706053
2537.97 0.706268
2538.93 0.706344
2539.9 0.706537
2540.86 0.706662
2541.83 0.70685
2542.79 0.706852
2543.76 0.707045
2544.72 0.707228
2545.68 0.707488
2546.65 0.707578
2547.61 0.707818
2548.58 0.707986
2549.54 0.708191
2550.51 0.708255
2551.47 0.708413
2552.43 0.708496
2553.4 0.708693
2554.36 0.70877
2555.33 0.709006
2556.29 0.709135
2557.26 0.709365
2558.22 0.70952
2559.18 0.709712
2560.15 0.709795
2561.11 0.710026
2562.08 0.710124
2563.04 0.710332
2564.01 0.710464
2564.97 0.710697
2565.93 0.710793
2566.9 0.710957
2567.86 0.711042
2568.83 0.711281
2569.79 0.711407
2570.75 0.711624
2571.72 0.711726
2572.68 0.711978
2573.65 0.712099
2574.61 0.712287
2575.58 0.712395
2576.54 0.712587
2577.5 0.712703
2578.47 0.712976
2579.43 0.713102
2580.4 0.713293
2581.36 0.713378
2582.33 0.713595
2583.29 0.713696
2584.25 0.713922
2585.22 0.714011
2586.18 0.714191
2587.15 0.714291
2588.11 0.714522
2589.08 0.714702
2590.04 0.715002
2591 0.715119
2591.97 0.715321
2592.93 0.715406
2593.9 0.715567
2594.86 0.715652
2595.83 0.715906
2596.79 0.716035
2597.75 0.716266
2598.72 0.716351
2599.68 0.716522
2600.65 0.716656
2601.61 0.716887
2602.57 0.716944
2603.54 0.717151
2604.5 0.717311
2605.47 0.717605
2606.43 0.717743
2607.4 0.717941
2608.36 0.718047
2609.32 0.718244
2610.29 0.718353
2611.25 0.718569
2612.22 0.718665
2613.18 0.71885
2614.15 0.718968
2615.11 0.71923
2616.07 0.719295
2617.04 0.719524
2618 0.719659
2618.97 0.719881
2619.93 0.720033
2620.9 0.72029
2621.86 0.720417
2622.82 0.720658
2623.79 0.720765
2624.75 0.720894
2625.72 0.720943
2626.68 0.721171
2627.65 0.721322
2628.61 0.721583
2629.57 0.721695
2630.54 0.721963
2631.5 0.722068
2632.47 0.722273
2633.43 0.722365
2634.4 0.722632
2635.36 0.722825
2636.32 0.723033
2637.29 0.723007
2638.25 0.723171
2639.22 0.723343
2640.18 0.723529
2641.15 0.723644
2642.11 0.723953
2643.07 0.72414
2644.04 0.724384
2645 0.724515
2645.97 0.72472
2646.93 0.724825
2647.9 0.725021
2648.86 0.725126
2649.82 0.725383
2650.79 0.725551
2651.75 0.725804
2652.72 0.725904
2653.68 0.726094
2654.65 0.726196
2655.61 0.726405
2656.57 0.726515
2657.54 0.726773
2658.5 0.726912
2659.47 0.727117
2660.43 0.727236
2661.4 0.727435
2662.36 0.727575
2663.32 0.727801
2664.29 0.727857
2665.25 0.728072
2666.22 0.728232
2667.18 0.728429
2668.15 0.728553
2669.11 0.728776
2670.07 0.728832
2671.04 0.72906
2672 0.729217
2672.97 0.729349
2673.93 0.729396
2674.9 0.729665
2675.86 0.729764
2676.82 0.729893
2677.79 0.729966
2678.75 0.730206
2679.72 0.730251
2680.68 0.73036
2681.65 0.730638
2682.61 0.73103
2683.57 0.73117
2684.54 0.731398
2685.5 0.731471
2686.47 0.731671
2687.43 0.731835
2688.4 0.732084
2689.36 0.732175
2690.32 0.732365
2691.29 0.732446
2692.25 0.732694
2693.22 0.732856
2694.18 0.733076
2695.15 0.733197
2696.11 0.733428
2697.07 0.733547
2698.04 0.733714
2699 0.733852
2699.97 0.734135
2700.93 0.734252
2701.9 0.734469
2702.86 0.734598
2703.82 0.734808
2704.79 0.734952
2705.75 0.735222
2706.72 0.735387
2707.68 0.735597
2708.65 0.735657
2709.61 0.7358
2710.57 0.735945
2711.54 0.736236
2712.5 0.736394
2713.47 0.736632
2714.43 0.736793
2715.4 0.737024
2716.36 0.737139
2717.32 0.737389
2718.29 0.737537
2719.25 0.737786
2720.22 0.737984
2721.18 0.738153
2722.15 0.738121
2723.11 0.738377
2724.07 0.738491
2725.04 0.738542
2726 0.73858
2726.97 0.738925
2727.93 0.739216
2728.9 0.739536
2729.86 0.739746
2730.82 0.739986
2731.79 0.740058
2732.75 0.740245
2733.72 0.740383
2734.68 0.74067
2735.64 0.740798
2736.61 0.740894
2737.57 0.740925
2738.54 0.741225
2739.5 0.741402
2740.47 0.741614
2741.43 0.741738
2742.39 0.741956
2743.36 0.742058
2744.32 0.74227
2745.29 0.742385
2746.25 0.742502
2747.22 0.742434
2748.18 0.742668
2749.14 0.742866
2750.11 0.743001
2751.07 0.743251
2752.04 0.743649
2753 0.743848
2753.97 0.744099
2754.93 0.744139
2755.89 0.744308
2756.86 0.744515
2757.82 0.744779
2758.79 0.744884
2759.75 0.745105
2760.72 0.74527
2761.68 0.745488
2762.64 0.745579
2763.61 0.745808
2764.57 0.745974
2765.54 0.746241
2766.5 0.746439
2767.47 0.746731
2768.43 0.746884
2769.39 0.747102
2770.36 0.747233
2771.32 0.747471
2772.29 0.747558
2773.25 0.747703
2774.22 0.7478
2775.18 0.748045
2776.14 0.748404
2777.11 0.748783
2778.07 0.748949
2779.04 0.749241
2780 0.749453
2780.97 0.74972
2781.93 0.749888
2782.89 0.75018
2783.86 0.750383
2784.82 0.750665
2785.79 0.750869
2786.75 0.751107
2787.72 0.751151
2788.68 0.751287
2789.64 0.751538
2790.61 0.75185
2791.57 0.752062
2792.54 0.752504
2793.5 0.752774
2794.47 0.753014
2795.43 0.753153
2796.39 0.753464
2797.36 0.753568
2798.32 0.753704
2799.29 0.754033
2800.25 0.754554
2801.22 0.754885
2802.18 0.755184
2803.14 0.755391
2804.11 0.75564
2805.07 0.755783
2806.04 0.75606
2807 0.756261
2807.97 0.756519
2808.93 0.75663
2809.89 0.756784
2810.86 0.757082
2811.82 0.757552
2812.79 0.757883
2813.75 0.758276
2814.72 0.758477
2815.68 0.758713
2816.64 0.758877
2817.61 0.759153
2818.57 0.759394
2819.54 0.759738
2820.5 0.760022
2821.47 0.760387
2822.43 0.760551
2823.39 0.760871
2824.36 0.761197
2825.32 0.761598
2826.29 0.761914
2827.25 0.762318
2828.22 0.762621
2829.18 0.76305
2830.14 0.763421
2831.11 0.763789
2832.07 0.764088
2833.04 0.76468
2834 0.76512
2834.97 0.765665
2835.93 0.766337
2836.89 0.767026
2837.86 0.767561
2838.82 0.768381
2839.79 0.769403
2840.75 0.770747
2841.72 0.772085
2842.68 0.773538
2843.64 0.775032
2844.61 0.776815
2845.57 0.778607
2846.54 0.780481
2847.5 0.782272
2848.47 0.78422
2849.43 0.785987
2850.39 0.787396
2851.36 0.788241
2852.32 0.788754
2853.29 0.788757
2854.25 0.788539
2855.22 0.787956
2856.18 0.787201
2857.14 0.786366
2858.11 0.785671
2859.07 0.784723
2860.04 0.783873
2861 0.783287
2861.97 0.782902
2862.93 0.782371
2863.89 0.781996
2864.86 0.781673
2865.82 0.781524
2866.79 0.781412
2867.75 0.78158
2868.72 0.78176
2869.68 0.782068
2870.64 0.782266
2871.61 0.782493
2872.57 0.782486
2873.54 0.782467
2874.5 0.782466
2875.47 0.782552
2876.43 0.782369
2877.39 0.782191
2878.36 0.782035
2879.32 0.782062
2880.29 0.782057
2881.25 0.782173
2882.22 0.782272
2883.18 0.782547
2884.14 0.782807
2885.11 0.783251
2886.07 0.783679
2887.04 0.784203
2888 0.784695
2888.97 0.785298
2889.93 0.785903
2890.89 0.78666
2891.86 0.787327
2892.82 0.78811
2893.79 0.78889
2894.75 0.789543
2895.72 0.790045
2896.68 0.790874
2897.64 0.791754
2898.61 0.792682
2899.57 0.793483
2900.54 0.794357
2901.5 0.795191
2902.47 0.796068
2903.43 0.796822
2904.39 0.797775
2905.36 0.798925
2906.32 0.800135
2907.29 0.801087
2908.25 0.802053
2909.22 0.803056
2910.18 0.804312
2911.14 0.805782
2912.11 0.807489
2913.07 0.809072
2914.04 0.811021
2915 0.813187
2915.97 0.815498
2916.93 0.817679
2917.89 0.819735
2918.86 0.821505
2919.82 0.82329
2920.79 0.824663
2921.75 0.825708
2922.72 0.826202
2923.68 0.826439
2924.64 0.82638
2925.61 0.826107
2926.57 0.825604
2927.54 0.824823
2928.5 0.823434
2929.46 0.822206
2930.43 0.821123
2931.39 0.820077
2932.36 0.819258
2933.32 0.818737
2934.29 0.817477
2935.25 0.816047
2936.21 0.814651
2937.18 0.813661
2938.14 0.812423
2939.11 0.810935
2940.07 0.809688
2941.04 0.808763
2942 0.807751
2942.96 0.806828
2943.93 0.806206
2944.89 0.806135
2945.86 0.80622
2946.82 0.806453
2947.79 0.807171
2948.75 0.807908
2949.71 0.80844
2950.68 0.809346
2951.64 0.810197
2952.61 0.811358
2953.57 0.813215
2954.54 0.814964
2955.5 0.815911
2956.46 0.816782
2957.43 0.817743
2958.39 0.818704
2959.36 0.818714
2960.32 0.818809
2961.28 0.819152
2962.25 0.818708
2963.21 0.817777
2964.18 0.817124
2965.14 0.81657
2966.11 0.815912
2967.07 0.814222
2968.03 0.812608
2969 0.810805
2969.96 0.808722
2970.93 0.806808
2971.89 0.805637
2972.86 0.805498
2973.82 0.804728
2974.78 0.803251
2975.75 0.801951
2976.71 0.800868
2977.68 0.800941
2978.64 0.800368
2979.61 0.799714
2980.57 0.799371
2981.53 0.798404
2982.5 0.797645
2983.46 0.797764
2984.43 0.797614
2985.39 0.797129
2986.36 0.797393
2987.32 0.79884
2988.28 0.798921
2989.25 0.797716
2990.21 0.796582
2991.18 0.796387
2992.14 0.796658
2993.11 0.797297
2994.07 0.798594
2995.03 0.79845
2996 0.796815
2996.96 0.795938
2997.93 0.795712
2998.89 0.796151
2999.86 0.796362
3000.82 0.796398
3001.78 0.796497
3002.75 0.797405
3003.71 0.799325
3004.68 0.800463
3005.64 0.79911
3006.61 0.797697
3007.57 0.797386
3008.53 0.797968
3009.5 0.800318
3010.46 0.802012
3011.43 0.80238
3012.39 0.805941
3013.36 0.804489
3014.32 0.801585
3015.28 0.803447
3016.25 0.803944
3017.21 0.802384
3018.18 0.801883
3019.14 0.800488
3020.11 0.799833
3021.07 0.800368
3022.03 0.801655
3023 0.801743
3023.96 0.801237
3024.93 0.80265
3025.89 0.804534
3026.86 0.803104
3027.82 0.802138
3028.78 0.802452
3029.75 0.80534
3030.71 0.811874
3031.68 0.815112
3032.64 0.809708
3033.61 0.80719
3034.57 0.808578
3035.53 0.807039
3036.5 0.805383
3037.46 0.804452
3038.43 0.804506
3039.39 0.804439
3040.36 0.804388
3041.32 0.804605
3042.28 0.804897
3043.25 0.805118
3044.21 0.805397
3045.18 0.805597
3046.14 0.806042
3047.11 0.807027
3048.07 0.810611
3049.03 0.813002
3050 0.809745
3050.96 0.807561
3051.93 0.807776
3052.89 0.808205
3053.86 0.808494
3054.82 0.810102
3055.78 0.815606
3056.75 0.817674
3057.71 0.813062
3058.68 0.811106
3059.64 0.812048
3060.61 0.812175
3061.57 0.811062
3062.53 0.811306
3063.5 0.815532
3064.46 0.820783
3065.43 0.817757
3066.39 0.818692
3067.36 0.820059
3068.32 0.814797
3069.28 0.812414
3070.25 0.812557
3071.21 0.81272
3072.18 0.813036
3073.14 0.813186
3074.11 0.8134
3075.07 0.813734
3076.03 0.814506
3077 0.81626
3077.96 0.81824
3078.93 0.820254
3079.89 0.821563
3080.86 0.820148
3081.82 0.820024
3082.78 0.818867
3083.75 0.816698
3084.71 0.816066
3085.68 0.817536
3086.64 0.818292
3087.61 0.818031
3088.57 0.81721
3089.53 0.817113
3090.5 0.817157
3091.46 0.817718
3092.43 0.818453
3093.39 0.820208
3094.36 0.822272
3095.32 0.827544
3096.28 0.829454
3097.25 0.823836
3098.21 0.821302
3099.18 0.824029
3100.14 0.827661
3101.11 0.830137
3102.07 0.828611
3103.03 0.826642
3104 0.824612
3104.96 0.82281
3105.93 0.822813
3106.89 0.824462
3107.86 0.825204
3108.82 0.824418
3109.78 0.825114
3110.75 0.825365
3111.71 0.826225
3112.68 0.82709
3113.64 0.827083
3114.61 0.82941
3115.57 0.833984
3116.53 0.832797
3117.5 0.829684
3118.46 0.83316
3119.43 0.832494
3120.39 0.828127
3121.36 0.830232
3122.32 0.837729
3123.28 0.835802
3124.25 0.829748
3125.21 0.830197
3126.18 0.833385
3127.14 0.833618
3128.11 0.830242
3129.07 0.8288
3130.03 0.82879
3131 0.829724
3131.96 0.833546
3132.93 0.839882
3133.89 0.837116
3134.86 0.831607
3135.82 0.830802
3136.78 0.830869
3137.75 0.83095
3138.71 0.831137
3139.68 0.831663
3140.64 0.832116
3141.61 0.832807
3142.57 0.833887
3143.53 0.833988
3144.5 0.833465
3145.46 0.833632
3146.43 0.833901
3147.39 0.83423
3148.35 0.834526
3149.32 0.834813
3150.28 0.835043
3151.25 0.835594
3152.21 0.835754
3153.18 0.835765
3154.14 0.83596
3155.1 0.836398
3156.07 0.836769
3157.03 0.83717
3158 0.837494
3158.96 0.83782
3159.93 0.838029
3160.89 0.838305
3161.85 0.838629
3162.82 0.839079
3163.78 0.839465
3164.75 0.839717
3165.71 0.839913
3166.68 0.840465
3167.64 0.841134
3168.6 0.841623
3169.57 0.841947
3170.53 0.841922
3171.5 0.841778
3172.46 0.842118
3173.43 0.842439
3174.39 0.842854
3175.35 0.843223
3176.32 0.844058
3177.28 0.849354
3178.25 0.854566
3179.21 0.849381
3180.18 0.845088
3181.14 0.844887
3182.1 0.845348
3183.07 0.845692
3184.03 0.847786
3185 0.851221
3185.96 0.85
3186.93 0.847085
3187.89 0.846855
3188.85 0.846939
3189.82 0.847394
3190.78 0.847705
3191.75 0.848193
3192.71 0.848308
3193.68 0.848678
3194.64 0.849385
3195.6 0.851661
3196.57 0.854311
3197.53 0.858505
3198.5 0.857656
3199.46 0.853327
3200.43 0.852125
3201.39 0.85148
3202.35 0.851535
3203.32 0.851879
3204.28 0.852147
3205.25 0.852262
3206.21 0.852521
3207.18 0.85297
3208.14 0.854318
3209.1 0.85933
3210.07 0.861949
3211.03 0.857221
3212 0.85512
3212.96 0.858162
3213.93 0.864709
3214.89 0.862909
3215.85 0.858241
3216.82 0.857885
3217.78 0.857803
3218.75 0.861962
3219.71 0.865589
3220.68 0.862401
3221.64 0.860023
3222.6 0.859393
3223.57 0.858396
3224.53 0.858323
3225.5 0.858983
3226.46 0.860945
3227.43 0.863368
3228.39 0.862587
3229.35 0.863012
3230.32 0.863881
3231.28 0.861928
3232.25 0.862714
3233.21 0.86365
3234.18 0.861773
3235.14 0.86142
3236.1 0.86449
3237.07 0.865514
3238.03 0.863001
3239 0.86299
3239.96 0.865015
3240.93 0.864815
3241.89 0.863792
3242.85 0.863809
3243.82 0.8675
3244.78 0.875309
3245.75 0.872679
3246.71 0.865381
3247.68 0.864037
3248.64 0.864173
3249.6 0.864597
3250.57 0.864766
3251.53 0.865171
3252.5 0.866056
3253.46 0.87126
3254.43 0.874286
3255.39 0.869364
3256.35 0.868563
3257.32 0.870606
3258.28 0.868907
3259.25 0.868086
3260.21 0.870006
3261.18 0.869587
3262.14 0.868221
3263.1 0.868668
3264.07 0.869472
3265.03 0.870652
3266 0.870202
3266.96 0.869054
3267.93 0.868512
3268.89 0.868596
3269.85 0.869245
3270.82 0.870187
3271.78 0.870968
3272.75 0.875368
3273.71 0.881104
3274.68 0.877432
3275.64 0.876722
3276.6 0.88006
3277.57 0.875302
3278.53 0.872633
3279.5 0.874101
3280.46 0.874326
3281.42 0.872877
3282.39 0.874062
3283.35 0.875692
3284.32 0.874848
3285.28 0.87331
3286.25 0.87302
3287.21 0.873834
3288.17 0.87658
3289.14 0.876984
3290.1 0.875761
3291.07 0.878397
3292.03 0.88071
3293 0.879785
3293.96 0.877115
3294.92 0.875298
3295.89 0.875468
3296.85 0.877916
3297.82 0.879529
3298.78 0.877546
3299.75 0.876562
3300.71 0.876646
3301.67 0.876481
3302.64 0.877028
3303.6 0.87737
3304.57 0.876768
3305.53 0.876616
3306.5 0.877047
3307.46 0.880201
3308.42 0.886418
3309.39 0.886375
3310.35 0.882584
3311.32 0.881605
3312.28 0.882852
3313.24 0.885492
3314.21 0.8828
3315.17 0.880123
3316.14 0.88012
3317.1 0.881141
3318.07 0.881387
3319.03 0.881158
3319.99 0.880961
3320.96 0.881273
3321.92 0.881763
3322.89 0.88304
3323.85 0.883832
3324.82 0.884247
3325.78 0.884546
3326.74 0.886053
3327.71 0.885516
3328.67 0.884305
3329.64 0.884109
3330.6 0.883993
3331.57 0.883686
3332.53 0.884153
3333.49 0.885545
3334.46 0.888679
3335.42 0.889223
3336.39 0.892545
3337.35 0.892284
3338.32 0.886758
3339.28 0.885775
3340.24 0.886663
3341.21 0.88683
3342.17 0.886821
3343.14 0.886646
3344.1 0.886574
3345.07 0.887014
3346.03 0.887602
3346.99 0.887759
3347.96 0.888073
3348.92 0.888199
3349.89 0.888182
3350.85 0.888478
3351.82 0.888951
3352.78 0.889626
3353.74 0.890765
3354.71 0.892588
3355.67 0.895669
3356.64 0.895624
3357.6 0.893415
3358.57 0.892161
3359.53 0.893654
3360.49 0.894661
3361.46 0.89757
3362.42 0.897436
3363.39 0.895621
3364.35 0.898256
3365.32 0.901835
3366.28 0.901098
3367.24 0.899035
3368.21 0.898134
3369.17 0.895729
3370.14 0.894182
3371.1 0.893772
3372.07 0.893902
3373.03 0.894088
3373.99 0.89489
3374.96 0.895356
3375.92 0.895192
3376.89 0.895377
3377.85 0.896199
3378.82 0.896509
3379.78 0.89656
3380.74 0.896678
3381.71 0.896898
3382.67 0.898512
3383.64 0.902009
3384.6 0.905203
3385.57 0.904929
3386.53 0.901338
3387.49 0.898262
3388.46 0.897985
3389.42 0.898083
3390.39 0.898513
3391.35 0.902058
3392.32 0.913002
3393.28 0.914045
3394.24 0.903235
3395.21 0.899988
3396.17 0.904809
3397.14 0.912358
3398.1 0.907963
3399.07 0.901445
3400.03 0.900983
3400.99 0.90244
3401.96 0.90313
3402.92 0.90425
3403.89 0.905138
3404.85 0.903032
3405.82 0.902045
3406.78 0.902327
3407.74 0.902468
3408.71 0.902934
3409.67 0.902963
3410.64 0.902783
3411.6 0.903146
3412.57 0.904235
3413.53 0.904722
3414.49 0.904096
3415.46 0.904091
3416.42 0.904338
3417.39 0.905188
3418.35 0.907513
3419.32 0.915756
3420.28 0.929004
3421.24 0.928115
3422.21 0.919896
3423.17 0.913736
3424.14 0.90862
3425.1 0.906737
3426.07 0.906743
3427.03 0.908688
3427.99 0.910294
3428.96 0.908834
3429.92 0.909123
3430.89 0.913068
3431.85 0.912769
3432.82 0.910976
3433.78 0.909555
3434.74 0.908694
3435.71 0.909374
3436.67 0.91032
3437.64 0.910933
3438.6 0.911625
3439.57 0.911639
3440.53 0.912502
3441.49 0.919631
3442.46 0.931016
3443.42 0.924184
3444.39 0.916798
3445.35 0.92093
3446.32 0.942789
3447.28 0.964757
3448.24 0.939031
3449.21 0.916876
3450.17 0.912809
3451.14 0.912436
3452.1 0.912411
3453.07 0.91281
3454.03 0.912876
3454.99 0.914286
3455.96 0.915943
3456.92 0.915792
3457.89 0.915649
3458.85 0.916339
3459.82 0.916982
3460.78 0.921929
3461.74 0.928262
3462.71 0.931419
3463.67 0.923043
3464.64 0.916542
3465.6 0.918197
3466.57 0.925352
3467.53 0.924412
3468.49 0.917543
3469.46 0.916555
3470.42 0.918314
3471.39 0.917683
3472.35 0.917337
3473.32 0.919
3474.28 0.925702
3475.24 0.92913
3476.21 0.921463
3477.17 0.91675
3478.14 0.916923
3479.1 0.919672
3480.07 0.930446
3481.03 0.942334
3481.99 0.954028
3482.96 0.944738
3483.92 0.925088
3484.89 0.922684
3485.85 0.924285
3486.82 0.927858
3487.78 0.939952
3488.74 0.937878
3489.71 0.922483
3490.67 0.920792
3491.64 0.920395
3492.6 0.919361
3493.57 0.919593
3494.53 0.925636
3495.49 0.934167
3496.46 0.940179
3497.42 0.931798
3498.39 0.921956
3499.35 0.923578
3500.32 0.928354
3501.28 0.940266
3502.24 0.964732
3503.21 0.984838
3504.17 0.970391
3505.14 0.945131
3506.1 0.929134
3507.06 0.923171
3508.03 0.93196
3508.99 0.963073
3509.96 0.967166
3510.92 0.941749
3511.89 0.932905
3512.85 0.927874
3513.81 0.924758
3514.78 0.921535
3515.74 0.92073
3516.71 0.922858
3517.67 0.927838
3518.64 0.93329
3519.6 0.932918
3520.56 0.926675
3521.53 0.936223
3522.49 0.969543
3523.46 0.98644
3524.42 0.967714
3525.39 0.958232
3526.35 0.96723
3527.31 0.982848
3528.28 0.981689
3529.24 0.973256
3530.21 0.953199
3531.17 0.944382
3532.14 0.931243
3533.1 0.923279
3534.06 0.922145
3535.03 0.931251
3535.99 0.957055
3536.96 0.957567
3537.92 0.930851
3538.89 0.925691
3539.85 0.925423
3540.81 0.926065
3541.78 0.928869
3542.74 0.948009
3543.71 0.969311
3544.67 1.00155
3545.64 1.0118
3546.6 1.01153
3547.56 1.00144
3548.53 0.960593
3549.49 0.938231
3550.46 0.939037
3551.42 0.97381
3552.39 1.00385
3553.35 0.977668
3554.31 0.95104
3555.28 0.932264
3556.24 0.932879
3557.21 0.939053
3558.17 0.935648
3559.14 0.945552
3560.1 0.972623
3561.06 0.964454
3562.03 0.959341
3562.99 0.979104
3563.96 0.992679
3564.92 1.01782
3565.89 1.12536
3566.85 1.17633
3567.81 1.1647
3568.78 1.08808
3569.74 0.982952
3570.71 0.958689
3571.67 0.942941
3572.64 0.938042
3573.6 0.949534
3574.56 0.961513
3575.53 0.954701
3576.49 0.958303
3577.46 0.962715
3578.42 0.9513
3579.39 0.965036
3580.35 0.970568
3581.31 0.952568
3582.28 0.953438
3583.24 0.972187
3584.21 0.974025
3585.17 0.992231
3586.14 1.09762
3587.1 1.17306
3588.06 1.15821
3589.03 1.11816
3589.99 1.01073
3590.96 0.970301
3591.92 0.979018
3592.89 1.03448
3593.85 1.0452
3594.81 1.06206
3595.78 1.07872
3596.74 1.02399
3597.71 1.01454
3598.67 1.03298
3599.64 1.03208
3600.6 1.058
3601.56 1.04072
3602.53 1.00474
3603.49 0.985822
3604.46 0.972472
3605.42 0.97959
3606.39 1.05005
3607.35 1.10697
3608.31 1.10305
3609.28 1.14685
3610.24 1.05645
3611.21 1.00249
3612.17 1.09973
3613.14 1.13011
3614.1 1.08902
3615.06 1.082
3616.03 1.02421
3616.99 1.06225
3617.96 1.14978
3618.92 1.17503
3619.89 1.18983
3620.85 1.10728
3621.81 1.03529
3622.78 1.00324
3623.74 0.997515
3624.71 0.997654
3625.67 1.03453
3626.64 1.06875
3627.6 1.16406
3628.56 1.39346
3629.53 1.42759
3630.49 1.19072
3631.46 1.03938
3632.42 1.009
3633.39 1.06533
3634.35 1.06699
3635.31 0.991982
3636.28 0.965619
3637.24 0.980465
3638.21 0.997233
3639.17 0.975559
3640.13 0.959467
3641.1 0.96841
3642.06 0.992157
3643.03 0.987858
3643.99 0.963549
3644.96 0.976914
3645.92 1.06361
3646.88 1.2444
3647.85 1.29653
3648.81 1.30318
3649.78 1.369
3650.74 1.35351
3651.71 1.19599
3652.67 1.01882
3653.63 0.965554
3654.6 0.974325
3655.56 1.08548
3656.53 1.17357
3657.49 1.04116
3658.46 0.958516
3659.42 0.957617
3660.38 0.958215
3661.35 0.948715
3662.31 0.94377
3663.28 0.943456
3664.24 0.944541
3665.21 0.948465
3666.17 0.953706
3667.13 0.974853
3668.1 1.07824
3669.06 1.20145
3670.03 1.27191
3670.99 1.29231
3671.95 1.09637
3672.92 1.01364
3673.88 1.11772
3674.85 1.412
3675.81 1.53174
3676.78 1.26667
3677.74 1.08075
3678.7 1.06625
3679.67 1.092
3680.63 1.02887
3681.6 0.973894
3682.56 0.968462
3683.53 0.975951
3684.49 0.994722
3685.45 0.991822
3686.42 1.01022
3687.38 1.12659
3688.35 1.32576
3689.31 1.247
3690.28 1.19682
3691.24 1.258
3692.2 1.13254
3693.17 1.03197
3694.13 1.0156
3695.1 1.00891
3696.06 1.01817
3697.03 1.01848
3697.99 1.00568
3698.95 1.00606
3699.92 1.01695
3700.88 1.08291
3701.85 1.17799
3702.81 1.10612
3703.78 1.02469
3704.74 1.019
3705.7 1.02761
3706.67 1.02427
3707.63 1.03203
3708.6 1.12753
3709.56 1.23335
3710.53 1.19369
3711.49 1.27914
3712.45 1.33969
3713.42 1.12915
3714.38 1.03527
3715.35 1.01662
3716.31 0.993801
3717.28 0.99709
3718.24 1.04749
3719.2 1.09451
3720.17 1.05372
3721.13 1.07763
3722.1 1.19734
3723.06 1.17045
3724.03 1.1047
3724.99 1.14097
3725.95 1.1853
3726.92 1.19387
3727.88 1.11184
3728.85 1.06083
3729.81 1.06419
3730.78 1.12434
3731.74 1.26792
3732.7 1.28675
3733.67 1.22524
3734.63 1.38237
3735.6 1.44827
3736.56 1.35266
3737.53 1.23736
3738.49 1.16391
3739.45 1.09278
3740.42 1.09964
3741.38 1.13075
3742.35 1.09309
3743.31 1.20286
3744.28 1.57178
3745.24 1.49047
3746.2 1.18928
3747.17 1.11724
3748.13 1.17741
3749.1 1.37054
3750.06 1.38111
3751.03 1.29031
3751.99 1.42604
3752.95 1.31262
3753.92 1.10622
3754.88 1.0303
3755.85 1.06704
3756.81 1.10983
3757.78 1.05995
3758.74 1.09911
3759.7 1.20065
3760.67 1.10055
3761.63 1.00378
3762.6 0.990104
3763.56 0.992245
3764.53 1.02479
3765.49 1.11707
3766.45 1.09429
3767.42 1.00872
3768.38 1.01878
3769.35 1.13891
3770.31 1.1845
3771.28 1.05474
3772.24 0.990845
3773.2 0.975597
3774.17 0.973296
3775.13 0.971618
3776.1 0.972834
3777.06 0.982282
3778.03 1.01667
3778.99 1.11217
3779.95 1.13768
3780.92 1.02754
3781.88 0.986797
3782.85 0.983883
3783.81 1.01738
3784.78 1.06407
3785.74 1.0367
3786.7 0.99536
3787.67 0.981909
3788.63 0.978033
3789.6 0.980118
3790.56 0.97655
3791.53 0.976012
3792.49 0.977496
3793.45 0.980744
3794.42 0.987595
3795.38 1.04632
3796.35 1.15558
3797.31 1.13467
3798.28 1.05518
3799.24 1.04472
3800.2 1.14945
3801.17 1.3777
3802.13 1.35443
3803.1 1.17028
3804.06 1.05367
3805.03 1.02499
3805.99 1.12046
3806.95 1.28349
3807.92 1.16885
3808.88 1.02599
3809.85 0.994632
3810.81 0.98942
3811.78 0.989618
3812.74 0.992564
3813.7 1.0058
3814.67 1.07344
3815.63 1.27682
3816.6 1.30941
3817.56 1.11332
3818.53 1.0631
3819.49 1.13286
3820.45 1.32934
3821.42 1.44776
3822.38 1.24071
3823.35 1.08247
3824.31 1.04164
3825.28 1.04375
3826.24 1.10505
3827.2 1.125
3828.17 1.05593
3829.13 1.0142
3830.1 1.02369
3831.06 1.12259
3832.03 1.17552
3832.99 1.07114
3833.95 1.08477
3834.92 1.19569
3835.88 1.15565
3836.85 1.17736
3837.81 1.36232
3838.78 1.28087
3839.74 1.21403
3840.7 1.23793
3841.67 1.14164
3842.63 1.08797
3843.6 1.16266
3844.56 1.11793
3845.53 1.02986
3846.49 1.00671
3847.45 1.00473
3848.42 1.02098
3849.38 1.06335
3850.35 1.08832
3851.31 1.20309
3852.28 1.40002
3853.24 1.50949
3854.2 1.61747
3855.17 1.31009
3856.13 1.12528
3857.1 1.1314
3858.06 1.08282
3859.02 1.02012
3859.99 1.01565
3860.95 1.07665
3861.92 1.1551
3862.88 1.11565
3863.85 1.14174
3864.81 1.2669
3865.77 1.19938
3866.74 1.05899
3867.7 1.0398
3868.67 1.15233
3869.63 1.36346
3870.6 1.31206
3871.56 1.12853
3872.52 1.06123
3873.49 1.1497
3874.45 1.22512
3875.42 1.09353
3876.38 1.01662
3877.35 1.0079
3878.31 1.0152
3879.27 1.09492
3880.24 1.25435
3881.2 1.19833
3882.17 1.07422
3883.13 1.07067
3884.1 1.0813
3885.06 1.17664
3886.02 1.27333
3886.99 1.11462
3887.95 1.0214
3888.92 1.01245
3889.88 1.047
3890.84 1.17405
3891.81 1.22291
3892.77 1.10032
3893.74 1.05495
3894.7 1.03679
3895.67 1.01534
3896.63 1.01515
3897.59 1.05376
3898.56 1.15586
3899.52 1.22497
3900.49 1.14181
3901.45 1.19445
3902.42 1.22482
3903.38 1.18989
3904.34 1.24159
3905.31 1.1838
3906.27 1.11223
3907.24 1.04111
3908.2 1.00899
3909.17 1.00587
3910.13 1.00615
3911.09 1.00547
3912.06 1.0063
3913.02 1.0079
3913.99 1.00933
3914.95 1.0166
3915.92 1.06427
3916.88 1.13634
3917.84 1.10456
3918.81 1.05039
3919.77 1.08883
3920.74 1.08104
3921.7 1.02574
3922.67 1.02841
3923.63 1.06929
3924.59 1.11489
3925.56 1.09569
3926.52 1.03354
3927.49 1.01591
3928.45 1.03466
3929.42 1.06333
3930.38 1.06669
3931.34 1.0795
3932.31 1.12026
3933.27 1.08609
3934.24 1.04273
3935.2 1.02484
3936.17 1.01385
3937.13 1.01477
3938.09 1.02263
3939.06 1.02326
3940.02 1.01807
3940.99 1.02255
3941.95 1.06969
3942.92 1.11388
3943.88 1.06782
3944.84 1.03118
3945.81 1.02147
3946.77 1.04401
3947.74 1.07236
3948.7 1.06393
3949.67 1.07393
3950.63 1.06642
3951.59 1.03084
3952.56 1.03135
3953.52 1.03244
3954.49 1.02307
3955.45 1.02156
3956.42 1.0287
3957.38 1.0316
3958.34 1.02766
3959.31 1.0249
3960.27 1.02535
3961.24 1.03896
3962.2 1.0481
3963.17 1.02987
3964.13 1.02231
3965.09 1.0214
3966.06 1.0197
3967.02 1.01917
3967.99 1.02418
3968.95 1.03298
3969.92 1.03044
3970.88 1.02432
3971.84 1.03245
3972.81 1.03628
3973.77 1.03466
3974.74 1.03493
3975.7 1.03733
3976.67 1.03295
3977.63 1.02451
3978.59 1.0226
3979.56 1.02501
3980.52 1.02601
3981.49 1.02836
3982.45 1.03093
3983.42 1.02779
3984.38 1.02507
3985.34 1.02588
3986.31 1.02496
3987.27 1.02407
3988.24 1.02449
3989.2 1.02882
3990.17 1.03637
3991.13 1.03634
3992.09 1.02953
3993.06 1.028
3994.02 1.03128
3994.99 1.0382
3995.95 1.0334
3996.92 1.02756
3997.88 1.02678
3998.84 1.02715
3999.81 1.02725
