599.778 -1.45179
600.743 -1.62936
601.707 -1.56629
602.671 -1.48447
603.636 -1.49245
604.6 -1.54929
605.564 -1.75139
606.528 -1.82011
607.493 -1.8215
608.457 -2.04381
609.421 -2.21252
610.385 -2.16995
611.35 -2.06685
612.314 -2.05938
613.278 -2.17154
614.243 -2.16992
615.207 -2.27004
616.171 -2.41425
617.135 -2.48027
618.1 -2.42606
619.064 -2.35586
620.028 -2.3076
620.992 -2.2817
621.957 -2.3578
622.921 -2.42704
623.885 -2.35015
624.85 -2.31161
625.814 -2.35747
626.778 -2.4444
627.742 -2.53052
628.707 -2.63555
629.671 -2.70218
630.635 -2.74121
631.6 -2.71749
632.564 -2.66256
633.528 -2.56616
634.492 -2.46798
635.457 -2.45855
636.421 -2.47556
637.385 -2.42629
638.349 -2.34751
639.314 -2.23238
640.278 -2.07639
641.242 -1.91935
642.207 -1.81846
643.171 -1.64958
644.135 -1.3495
645.099 -0.994273
646.064 -0.58951
647.028 -0.0519042
647.992 0.610869
648.956 1.33023
649.921 1.87842
650.885 2.08565
651.849 2.17715
652.813 2.70342
653.778 3.88638
654.742 5.4972
655.706 6.81517
656.671 7.51712
657.635 7.94989
658.599 8.42903
659.563 8.91551
660.528 9.2595
661.492 9.39312
662.456 9.38346
663.42 9.26816
664.385 8.96694
665.349 8.39732
666.313 7.67721
667.278 6.65248
668.242 5.37984
669.206 4.79584
670.17 4.3196
671.135 3.7981
672.099 3.16082
673.063 2.32811
674.028 1.52867
674.992 1.03323
675.956 0.818467
676.92 0.699339
677.885 0.518473
678.849 0.321169
679.813 0.127687
680.778 -0.0024645
681.742 -0.0839915
682.706 -0.142135
683.67 -0.170314
684.635 -0.17955
685.599 -0.172696
686.563 -0.163475
687.527 -0.168111
688.492 -0.178006
689.456 -0.184624
690.42 -0.165929
691.385 -0.168681
692.349 -0.16394
693.313 -0.169709
694.277 -0.161786
695.242 -0.143577
696.206 -0.152839
697.17 -0.162889
698.134 -0.154716
699.099 -0.170266
700.063 -0.179356
701.027 -0.171368
701.991 -0.152909
702.956 -0.165852
703.92 -0.188206
704.884 -0.187778
705.849 -0.170659
706.813 -0.16618
707.777 -0.175432
708.741 -0.185477
709.706 -0.187475
710.67 -0.197563
711.634 -0.204677
712.598 -0.197611
713.563 -0.17359
714.527 -0.171118
715.491 -0.183234
716.456 -0.204126
717.42 -0.215916
718.384 -0.213054
719.348 -0.243898
720.313 -0.26733
721.277 -0.237924
722.241 -0.243586
723.206 -0.269745
724.17 -0.263452
725.134 -0.251344
726.098 -0.263538
727.063 -0.279043
728.027 -0.28403
728.991 -0.282503
729.955 -0.290701
730.92 -0.299123
731.884 -0.302987
732.848 -0.308374
733.812 -0.320881
734.777 -0.330302
735.741 -0.332098
736.705 -0.321596
737.67 -0.315675
738.634 -0.315217
739.598 -0.308068
740.562 -0.333192
741.527 -0.369972
742.491 -0.381526
743.455 -0.405234
744.42 -0.449547
745.384 -0.50923
746.348 -0.540939
747.312 -0.561987
748.277 -0.603208
749.241 -0.651863
750.205 -0.674606
751.169 -0.693755
752.134 -0.715244
753.098 -0.739749
754.062 -0.758571
755.027 -0.761595
755.991 -0.777484
756.955 -0.804704
757.919 -0.819513
758.884 -0.835823
759.848 -0.848321
760.812 -0.870224
761.777 -0.897895
762.741 -0.920429
763.705 -0.921334
764.669 -0.933326
765.634 -0.970459
766.598 -0.994566
767.562 -1.00372
768.526 -1.01308
769.491 -1.02493
770.455 -1.04544
771.419 -1.04828
772.384 -1.04909
773.348 -1.07437
774.312 -1.08653
775.276 -1.06618
776.241 -1.05048
777.205 -1.06467
778.169 -1.08462
779.133 -1.0873
780.098 -1.08274
781.062 -1.08152
782.026 -1.08313
782.99 -1.0726
783.955 -1.07073
784.919 -1.05853
785.883 -1.04216
786.848 -1.03044
787.812 -1.01405
788.776 -0.995779
789.74 -0.966701
790.705 -0.911961
791.669 -0.863611
792.633 -0.823997
793.597 -0.784788
794.562 -0.741048
795.526 -0.695424
796.49 -0.664992
797.455 -0.651631
798.419 -0.6209
799.383 -0.573516
800.347 -0.567213
801.312 -0.594975
802.276 -0.605283
803.24 -0.607928
804.205 -0.617103
805.169 -0.64015
806.133 -0.676139
807.097 -0.715474
808.062 -0.738506
809.026 -0.755375
809.99 -0.78462
810.955 -0.811824
811.919 -0.82879
812.883 -0.860405
813.847 -0.892272
814.812 -0.922766
815.776 -0.965949
816.74 -1.01134
817.704 -1.03602
818.669 -1.05682
819.633 -1.07514
820.597 -1.09578
821.562 -1.13599
822.526 -1.17176
823.49 -1.19229
824.454 -1.19626
825.419 -1.21289
826.383 -1.25479
827.347 -1.26912
828.311 -1.27754
829.276 -1.30316
830.24 -1.3318
831.204 -1.35294
832.168 -1.36792
833.133 -1.38488
834.097 -1.40413
835.061 -1.42892
836.026 -1.44321
836.99 -1.44636
837.954 -1.44577
838.918 -1.45551
839.883 -1.46307
840.847 -1.47015
841.811 -1.48517
842.775 -1.51053
843.74 -1.53305
844.704 -1.54012
845.668 -1.5419
846.633 -1.54974
847.597 -1.56477
848.561 -1.58366
849.525 -1.59603
850.49 -1.59621
851.454 -1.59197
852.418 -1.59908
853.383 -1.6195
854.347 -1.62924
855.311 -1.63254
856.275 -1.64318
857.24 -1.66311
858.204 -1.6714
859.168 -1.67821
860.132 -1.68414
861.097 -1.67124
862.061 -1.66141
863.025 -1.68077
863.99 -1.69437
864.954 -1.69654
865.918 -1.71319
866.882 -1.72059
867.847 -1.72187
868.811 -1.72202
869.775 -1.72506
870.739 -1.71779
871.704 -1.70992
872.668 -1.71268
873.632 -1.72074
874.597 -1.71928
875.561 -1.72978
876.525 -1.73143
877.489 -1.71653
878.454 -1.71631
879.418 -1.72211
880.382 -1.73447
881.346 -1.73388
882.311 -1.72989
883.275 -1.72808
884.239 -1.72989
885.204 -1.73259
886.168 -1.72897
887.132 -1.71355
888.096 -1.70779
889.061 -1.71825
890.025 -1.7361
890.989 -1.73904
891.953 -1.72431
892.918 -1.73263
893.882 -1.74167
894.846 -1.73906
895.811 -1.73908
896.775 -1.72492
897.739 -1.72399
898.703 -1.7227
899.668 -1.71325
900.632 -1.71624
901.596 -1.71763
902.561 -1.71628
903.525 -1.71738
904.489 -1.71899
905.453 -1.72692
906.418 -1.72434
907.382 -1.72512
908.346 -1.72087
909.31 -1.72177
910.275 -1.72404
911.239 -1.72879
912.203 -1.72931
913.168 -1.72863
914.132 -1.74115
915.096 -1.74403
916.06 -1.74704
917.025 -1.75128
917.989 -1.7523
918.953 -1.74996
919.917 -1.75417
920.882 -1.76402
921.846 -1.76727
922.81 -1.7735
923.774 -1.78183
924.739 -1.80548
925.703 -1.82464
926.667 -1.82847
927.632 -1.83391
928.596 -1.82942
929.56 -1.83581
930.524 -1.86254
931.489 -1.8786
932.453 -1.89397
933.417 -1.90269
934.381 -1.91402
935.346 -1.92851
936.31 -1.95222
937.274 -1.97079
938.239 -1.97704
939.203 -1.99335
940.167 -2.00823
941.131 -2.0293
942.096 -2.05102
943.06 -2.0661
944.024 -2.07797
944.989 -2.0864
945.953 -2.10447
946.917 -2.1323
947.881 -2.15987
948.846 -2.17532
949.81 -2.1885
950.774 -2.20573
951.739 -2.2268
952.703 -2.24879
953.667 -2.26823
954.631 -2.28562
955.596 -2.30953
956.56 -2.33114
957.524 -2.35165
958.488 -2.36339
959.453 -2.3744
960.417 -2.38423
961.381 -2.3965
962.346 -2.41328
963.31 -2.42788
964.274 -2.44056
965.238 -2.44772
966.203 -2.46076
967.167 -2.48951
968.131 -2.50497
969.095 -2.51537
970.06 -2.52893
971.024 -2.54497
971.988 -2.5503
972.952 -2.54717
973.917 -2.54394
974.881 -2.54375
975.845 -2.54737
976.81 -2.54744
977.774 -2.54785
978.738 -2.56133
979.702 -2.56199
980.667 -2.5543
981.631 -2.55845
982.595 -2.556
983.559 -2.55971
984.524 -2.57202
985.488 -2.57503
986.452 -2.57723
987.417 -2.56942
988.381 -2.56116
989.345 -2.57019
990.309 -2.57844
991.274 -2.57382
992.238 -2.57671
993.202 -2.58607
994.167 -2.58827
995.131 -2.58875
996.095 -2.58868
997.059 -2.5952
998.024 -2.60356
998.988 -2.61671
999.952 -2.62459
1000.92 -2.62394
1001.88 -2.62935
1002.85 -2.64066
1003.81 -2.65046
1004.77 -2.64388
1005.74 -2.63866
1006.7 -2.66201
1007.67 -2.67557
1008.63 -2.67008
1009.6 -2.67617
1010.56 -2.68359
1011.52 -2.68467
1012.49 -2.68513
1013.45 -2.69653
1014.42 -2.71011
1015.38 -2.71401
1016.35 -2.71238
1017.31 -2.71201
1018.27 -2.70987
1019.24 -2.71236
1020.2 -2.72142
1021.17 -2.72007
1022.13 -2.71196
1023.1 -2.70416
1024.06 -2.70089
1025.02 -2.70226
1025.99 -2.71137
1026.95 -2.7203
1027.92 -2.7046
1028.88 -2.68834
1029.85 -2.67745
1030.81 -2.66435
1031.77 -2.65649
1032.74 -2.64801
1033.7 -2.63798
1034.67 -2.63302
1035.63 -2.61132
1036.6 -2.58246
1037.56 -2.57727
1038.52 -2.5688
1039.49 -2.54542
1040.45 -2.52577
1041.42 -2.51045
1042.38 -2.48528
1043.34 -2.46457
1044.31 -2.44359
1045.27 -2.41806
1046.24 -2.39687
1047.2 -2.3674
1048.17 -2.3302
1049.13 -2.29845
1050.09 -2.27047
1051.06 -2.24966
1052.02 -2.22234
1052.99 -2.19148
1053.95 -2.16964
1054.92 -2.13629
1055.88 -2.09738
1056.84 -2.04408
1057.81 -2.01351
1058.77 -1.99863
1059.74 -1.97267
1060.7 -1.95526
1061.67 -1.92696
1062.63 -1.88035
1063.59 -1.85274
1064.56 -1.84569
1065.52 -1.83794
1066.49 -1.82345
1067.45 -1.79542
1068.42 -1.76799
1069.38 -1.75047
1070.34 -1.74279
1071.31 -1.72972
1072.27 -1.70792
1073.24 -1.68928
1074.2 -1.66412
1075.17 -1.6584
1076.13 -1.64714
1077.09 -1.62482
1078.06 -1.60891
1079.02 -1.59844
1079.99 -1.59756
1080.95 -1.58589
1081.91 -1.57573
1082.88 -1.57227
1083.84 -1.57147
1084.81 -1.57718
1085.77 -1.5738
1086.74 -1.56648
1087.7 -1.55984
1088.66 -1.56811
1089.63 -1.59284
1090.59 -1.61183
1091.56 -1.61985
1092.52 -1.61643
1093.49 -1.61653
1094.45 -1.62969
1095.41 -1.64134
1096.38 -1.64493
1097.34 -1.64725
1098.31 -1.66915
1099.27 -1.70211
1100.24 -1.72273
1101.2 -1.71049
1102.16 -1.70599
1103.13 -1.71059
1104.09 -1.71865
1105.06 -1.73459
1106.02 -1.74971
1106.99 -1.76684
1107.95 -1.77681
1108.91 -1.77702
1109.88 -1.77547
1110.84 -1.78161
1111.81 -1.77803
1112.77 -1.77641
1113.74 -1.78917
1114.7 -1.79749
1115.66 -1.79532
1116.63 -1.78884
1117.59 -1.78372
1118.56 -1.78866
1119.52 -1.8067
1120.49 -1.81704
1121.45 -1.80998
1122.41 -1.80368
1123.38 -1.82326
1124.34 -1.84569
1125.31 -1.83838
1126.27 -1.8348
1127.24 -1.84402
1128.2 -1.84081
1129.16 -1.83306
1130.13 -1.83948
1131.09 -1.8499
1132.06 -1.8492
1133.02 -1.84849
1133.99 -1.85887
1134.95 -1.85231
1135.91 -1.84215
1136.88 -1.8422
1137.84 -1.84542
1138.81 -1.84355
1139.77 -1.84494
1140.74 -1.85822
1141.7 -1.85078
1142.66 -1.83977
1143.63 -1.8371
1144.59 -1.8337
1145.56 -1.84585
1146.52 -1.85607
1147.49 -1.8552
1148.45 -1.8455
1149.41 -1.83866
1150.38 -1.83585
1151.34 -1.82421
1152.31 -1.82175
1153.27 -1.81697
1154.24 -1.82074
1155.2 -1.83213
1156.16 -1.83028
1157.13 -1.82431
1158.09 -1.81838
1159.06 -1.80879
1160.02 -1.79891
1160.99 -1.79936
1161.95 -1.80709
1162.91 -1.81319
1163.88 -1.80756
1164.84 -1.79589
1165.81 -1.78687
1166.77 -1.77302
1167.74 -1.77316
1168.7 -1.78775
1169.66 -1.79948
1170.63 -1.79936
1171.59 -1.8018
1172.56 -1.80537
1173.52 -1.79926
1174.49 -1.80361
1175.45 -1.82145
1176.41 -1.83074
1177.38 -1.83411
1178.34 -1.8406
1179.31 -1.84398
1180.27 -1.85366
1181.24 -1.8707
1182.2 -1.87573
1183.16 -1.8742
1184.13 -1.88985
1185.09 -1.91011
1186.06 -1.92869
1187.02 -1.93872
1187.99 -1.94729
1188.95 -1.96627
1189.91 -1.97977
1190.88 -1.98921
1191.84 -2.00179
1192.81 -2.02148
1193.77 -2.0352
1194.73 -2.04128
1195.7 -2.05292
1196.66 -2.07334
1197.63 -2.09784
1198.59 -2.1163
1199.56 -2.12396
1200.52 -2.12836
1201.48 -2.14406
1202.45 -2.16156
1203.41 -2.18125
1204.38 -2.20366
1205.34 -2.21371
1206.31 -2.22183
1207.27 -2.23999
1208.23 -2.25548
1209.2 -2.26707
1210.16 -2.28893
1211.13 -2.30634
1212.09 -2.31679
1213.06 -2.33695
1214.02 -2.35446
1214.98 -2.37106
1215.95 -2.38873
1216.91 -2.39933
1217.88 -2.41534
1218.84 -2.43508
1219.81 -2.44201
1220.77 -2.44463
1221.73 -2.45174
1222.7 -2.467
1223.66 -2.48078
1224.63 -2.49154
1225.59 -2.50479
1226.56 -2.5224
1227.52 -2.53935
1228.48 -2.56167
1229.45 -2.57561
1230.41 -2.57773
1231.38 -2.58703
1232.34 -2.59558
1233.31 -2.60612
1234.27 -2.60886
1235.23 -2.61103
1236.2 -2.62036
1237.16 -2.62224
1238.13 -2.63341
1239.09 -2.65057
1240.06 -2.66272
1241.02 -2.66341
1241.98 -2.67346
1242.95 -2.69375
1243.91 -2.70289
1244.88 -2.70671
1245.84 -2.71298
1246.81 -2.72668
1247.77 -2.73315
1248.73 -2.73867
1249.7 -2.74871
1250.66 -2.75372
1251.63 -2.77119
1252.59 -2.7883
1253.56 -2.79929
1254.52 -2.80447
1255.48 -2.80175
1256.45 -2.79544
1257.41 -2.79693
1258.38 -2.80834
1259.34 -2.80675
1260.31 -2.80356
1261.27 -2.79676
1262.23 -2.78631
1263.2 -2.78276
1264.16 -2.78014
1265.13 -2.77876
1266.09 -2.75979
1267.06 -2.73589
1268.02 -2.72277
1268.98 -2.71029
1269.95 -2.69018
1270.91 -2.67204
1271.88 -2.65249
1272.84 -2.62851
1273.81 -2.61008
1274.77 -2.5845
1275.73 -2.55738
1276.7 -2.54151
1277.66 -2.52208
1278.63 -2.49665
1279.59 -2.47028
1280.56 -2.44903
1281.52 -2.43096
1282.48 -2.40988
1283.45 -2.39105
1284.41 -2.36836
1285.38 -2.34661
1286.34 -2.32928
1287.31 -2.31364
1288.27 -2.29065
1289.23 -2.26644
1290.2 -2.24642
1291.16 -2.22271
1292.13 -2.19678
1293.09 -2.17149
1294.06 -2.15409
1295.02 -2.13751
1295.98 -2.12062
1296.95 -2.10467
1297.91 -2.08732
1298.88 -2.06997
1299.84 -2.05073
1300.81 -2.02937
1301.77 -2.00891
1302.73 -1.98636
1303.7 -1.96848
1304.66 -1.94967
1305.63 -1.92863
1306.59 -1.90982
1307.56 -1.89707
1308.52 -1.88511
1309.48 -1.86955
1310.45 -1.85739
1311.41 -1.84327
1312.38 -1.82167
1313.34 -1.80155
1314.31 -1.78477
1315.27 -1.76511
1316.23 -1.7436
1317.2 -1.72716
1318.16 -1.7132
1319.13 -1.69782
1320.09 -1.67784
1321.06 -1.65741
1322.02 -1.64084
1322.98 -1.62634
1323.95 -1.60673
1324.91 -1.58868
1325.88 -1.56943
1326.84 -1.55279
1327.81 -1.53262
1328.77 -1.51279
1329.73 -1.48978
1330.7 -1.4585
1331.66 -1.43148
1332.63 -1.4292
1333.59 -1.44944
1334.56 -1.47517
1335.52 -1.5181
1336.48 -1.56807
1337.45 -1.61105
1338.41 -1.6575
1339.38 -1.70355
1340.34 -1.7447
1341.31 -1.7683
1342.27 -1.78699
1343.23 -1.80576
1344.2 -1.82871
1345.16 -1.86524
1346.13 -1.90166
1347.09 -1.92765
1348.06 -1.95027
1349.02 -1.98002
1349.98 -2.00977
1350.95 -2.03735
1351.91 -2.06525
1352.88 -2.09065
1353.84 -2.11964
1354.81 -2.14582
1355.77 -2.16877
1356.73 -2.18857
1357.7 -2.20931
1358.66 -2.22839
1359.63 -2.24501
1360.59 -2.27079
1361.56 -2.29421
1362.52 -2.31824
1363.48 -2.34014
1364.45 -2.33524
1365.41 -2.34347
1366.38 -2.35458
1367.34 -2.3589
1368.31 -2.37054
1369.27 -2.37804
1370.23 -2.37849
1371.2 -2.39547
1372.16 -2.41278
1373.13 -2.43081
1374.09 -2.45064
1375.06 -2.46042
1376.02 -2.46248
1376.98 -2.45565
1377.95 -2.45037
1378.91 -2.45616
1379.88 -2.46475
1380.84 -2.46674
1381.81 -2.46385
1382.77 -2.46427
1383.73 -2.45677
1384.7 -2.44579
1385.66 -2.43892
1386.63 -2.45223
1387.59 -2.47126
1388.56 -2.45166
1389.52 -2.42175
1390.48 -2.39991
1391.45 -2.38337
1392.41 -2.37538
1393.38 -2.37455
1394.34 -2.393
1395.3 -2.3807
1396.27 -2.34482
1397.23 -2.32112
1398.2 -2.30887
1399.16 -2.30464
1400.13 -2.26669
1401.09 -2.21451
1402.05 -2.17863
1403.02 -2.13845
1403.98 -2.08586
1404.95 -2.02138
1405.91 -1.98478
1406.88 -1.96795
1407.84 -1.94926
1408.8 -1.92457
1409.77 -1.8969
1410.73 -1.87025
1411.7 -1.84702
1412.66 -1.80833
1413.63 -1.75448
1414.59 -1.70097
1415.55 -1.66614
1416.52 -1.64137
1417.48 -1.61431
1418.45 -1.59117
1419.41 -1.57866
1420.38 -1.49206
1421.34 -1.40741
1422.3 -1.35352
1423.27 -1.32368
1424.23 -1.28239
1425.2 -1.21338
1426.16 -1.14294
1427.12 -1.0757
1428.09 -1.02017
1429.05 -0.983051
1430.02 -0.948553
1430.98 -0.892434
1431.95 -0.836906
1432.91 -0.790585
1433.88 -0.732644
1434.84 -0.686548
1435.8 -0.677802
1436.77 -0.69067
1437.73 -0.614841
1438.7 -0.549408
1439.66 -0.509608
1440.62 -0.461525
1441.59 -0.418198
1442.55 -0.381066
1443.52 -0.341505
1444.48 -0.305191
1445.45 -0.271549
1446.41 -0.239454
1447.38 -0.221028
1448.34 -0.191856
1449.3 -0.133295
1450.27 -0.0830615
1451.23 -0.0438078
1452.2 -0.00313417
1453.16 0.0439487
1454.12 0.075864
1455.09 0.104536
1456.05 0.0991976
1457.02 0.0876327
1457.98 0.17131
1458.95 0.253527
1459.91 0.322548
1460.88 0.384637
1461.84 0.438551
1462.8 0.480939
1463.77 0.503733
1464.73 0.509357
1465.7 0.561997
1466.66 0.635992
1467.62 0.681117
1468.59 0.723184
1469.55 0.756673
1470.52 0.78929
1471.48 0.79307
1472.45 0.799553
1473.41 0.840088
1474.38 0.910303
1475.34 0.957687
1476.3 0.971439
1477.27 1.02903
1478.23 1.08498
1479.2 1.1193
1480.16 1.14764
1481.12 1.1719
1482.09 1.20815
1483.05 1.23965
1484.02 1.26998
1484.98 1.29906
1485.95 1.3175
1486.91 1.32048
1487.88 1.33746
1488.84 1.36365
1489.8 1.37067
1490.77 1.3944
1491.73 1.4396
1492.7 1.48121
1493.66 1.51327
1494.62 1.52763
1495.59 1.51688
1496.55 1.51131
1497.52 1.55133
1498.48 1.55542
1499.45 1.56806
1500.41 1.60528
1501.38 1.61957
1502.34 1.6263
1503.3 1.63138
1504.27 1.63048
1505.23 1.58712
1506.2 1.53116
1507.16 1.52609
1508.12 1.56914
1509.09 1.60501
1510.05 1.62762
1511.02 1.64778
1511.98 1.63675
1512.95 1.63626
1513.91 1.64823
1514.88 1.63303
1515.84 1.61542
1516.8 1.58246
1517.77 1.57473
1518.73 1.60614
1519.7 1.59291
1520.66 1.53311
1521.62 1.50292
1522.59 1.51963
1523.55 1.54453
1524.52 1.54433
1525.48 1.51074
1526.45 1.51315
1527.41 1.50428
1528.37 1.49174
1529.34 1.49946
1530.3 1.50084
1531.27 1.47895
1532.23 1.44697
1533.2 1.40002
1534.16 1.37988
1535.12 1.40955
1536.09 1.41923
1537.05 1.40515
1538.02 1.36079
1538.98 1.27052
1539.95 1.22762
1540.91 1.25971
1541.87 1.25647
1542.84 1.26316
1543.8 1.28463
1544.77 1.25768
1545.73 1.24798
1546.7 1.27501
1547.66 1.27758
1548.62 1.25312
1549.59 1.22163
1550.55 1.21499
1551.52 1.22855
1552.48 1.21762
1553.44 1.18112
1554.41 1.13313
1555.37 1.1474
1556.34 1.15821
1557.3 1.10111
1558.27 1.01021
1559.23 0.986082
1560.19 1.00043
1561.16 1.08295
1562.12 1.12733
1563.09 1.13294
1564.05 1.11914
1565.02 1.11069
1565.98 1.12256
1566.94 1.1213
1567.91 1.10643
1568.87 1.06601
1569.84 1.0314
1570.8 1.06618
1571.77 1.09307
1572.73 1.0983
1573.69 1.10654
1574.66 1.09973
1575.62 1.04851
1576.59 1.01536
1577.55 1.06501
1578.52 1.09047
1579.48 1.09733
1580.44 1.09286
1581.41 1.09352
1582.37 1.09546
1583.34 1.10001
1584.3 1.10324
1585.27 1.1025
1586.23 1.10608
1587.19 1.10727
1588.16 1.10992
1589.12 1.10752
1590.09 1.10281
1591.05 1.10542
1592.02 1.11408
1592.98 1.12601
1593.94 1.12435
1594.91 1.12093
1595.87 1.12984
1596.84 1.14214
1597.8 1.14432
1598.77 1.14447
1599.73 1.15027
1600.69 1.15171
1601.66 1.15092
1602.62 1.1512
1603.59 1.15723
1604.55 1.16523
1605.52 1.17364
1606.48 1.18063
1607.44 1.18056
1608.41 1.17618
1609.37 1.17424
1610.34 1.18142
1611.3 1.18566
1612.27 1.18482
1613.23 1.18256
1614.19 1.18232
1615.16 1.17352
1616.12 1.12419
1617.09 1.0894
1618.05 1.14559
1619.02 1.17401
1619.98 1.17845
1620.94 1.18351
1621.91 1.17378
1622.87 1.12924
1623.84 1.10385
1624.8 1.14038
1625.77 1.15426
1626.73 1.1439
1627.69 1.12271
1628.66 1.12523
1629.62 1.13533
1630.59 1.1311
1631.55 1.12203
1632.52 1.10976
1633.48 1.09762
1634.44 1.0593
1635.41 0.986213
1636.37 1.00522
1637.34 1.04112
1638.3 1.04892
1639.27 1.05755
1640.23 1.05183
1641.19 1.04741
1642.16 1.03992
1643.12 1.02615
1644.09 1.01369
1645.05 0.9891
1646.02 0.933732
1646.98 0.920257
1647.94 0.926467
1648.91 0.951733
1649.87 0.975223
1650.84 0.976161
1651.8 0.932821
1652.77 0.813261
1653.73 0.788814
1654.69 0.862821
1655.66 0.927811
1656.62 0.953383
1657.59 0.948637
1658.55 0.946436
1659.52 0.947065
1660.48 0.946638
1661.44 0.934834
1662.41 0.903449
1663.37 0.895649
1664.34 0.929344
1665.3 0.944696
1666.27 0.949548
1667.23 0.944395
1668.19 0.926929
1669.16 0.88852
1670.12 0.906082
1671.09 0.924616
1672.05 0.927482
1673.02 0.954719
1673.98 0.962658
1674.94 0.915705
1675.91 0.909306
1676.87 0.971224
1677.84 0.995428
1678.8 0.998554
1679.77 0.992872
1680.73 0.998599
1681.69 1.01663
1682.66 0.999256
1683.62 0.952052
1684.59 0.92147
1685.55 0.970825
1686.52 1.03611
1687.48 1.06007
1688.44 1.06566
1689.41 1.0718
1690.37 1.07772
1691.34 1.09297
1692.3 1.10553
1693.27 1.10381
1694.23 1.10027
1695.19 1.06122
1696.16 1.01661
1697.12 1.0769
1698.09 1.11461
1699.05 1.09797
1700.02 0.998288
1700.98 1.00185
1701.94 1.11221
1702.91 1.14882
1703.87 1.13671
1704.84 1.12316
1705.8 1.12003
1706.77 1.11953
1707.73 1.15041
1708.69 1.16867
1709.66 1.16328
1710.62 1.15401
1711.59 1.15807
1712.55 1.15673
1713.52 1.14155
1714.48 1.11197
1715.44 1.10741
1716.41 1.11858
1717.37 1.07592
1718.34 1.04636
1719.3 1.0839
1720.27 1.12446
1721.23 1.12831
1722.19 1.11412
1723.16 1.10076
1724.12 1.0939
1725.09 1.08928
1726.05 1.08191
1727.02 1.07665
1727.98 1.06773
1728.94 1.04847
1729.91 1.01011
1730.87 0.997941
1731.84 0.996003
1732.8 0.961397
1733.77 0.88925
1734.73 0.863863
1735.69 0.914959
1736.66 0.927359
1737.62 0.907375
1738.59 0.889392
1739.55 0.84078
1740.52 0.815957
1741.48 0.820182
1742.44 0.796844
1743.41 0.765892
1744.37 0.759356
1745.34 0.748556
1746.3 0.718757
1747.27 0.685906
1748.23 0.654491
1749.19 0.638522
1750.16 0.626331
1751.12 0.573038
1752.09 0.560618
1753.05 0.579117
1754.01 0.569669
1754.98 0.552588
1755.94 0.521881
1756.91 0.481685
1757.87 0.471373
1758.84 0.463909
1759.8 0.447616
1760.76 0.422752
1761.73 0.372977
1762.69 0.366126
1763.66 0.377338
1764.62 0.366697
1765.59 0.353675
1766.55 0.332343
1767.51 0.29406
1768.48 0.264197
1769.44 0.275242
1770.41 0.266875
1771.37 0.230932
1772.34 0.195682
1773.3 0.192055
1774.26 0.213732
1775.23 0.207229
1776.19 0.197091
1777.16 0.19032
1778.12 0.178988
1779.09 0.171562
1780.05 0.15883
1781.01 0.148576
1781.98 0.154804
1782.94 0.154264
1783.91 0.148396
1784.87 0.136684
1785.84 0.134558
1786.8 0.135097
1787.76 0.130096
1788.73 0.125143
1789.69 0.114434
1790.66 0.0967959
1791.62 0.0789336
1792.59 0.056574
1793.55 0.0729838
1794.51 0.0991373
1795.48 0.094526
1796.44 0.0972159
1797.41 0.103508
1798.37 0.0993915
1799.34 0.0791139
1800.3 0.0672163
1801.26 0.0636785
1802.23 0.0670913
1803.19 0.0875361
1804.16 0.0985328
1805.12 0.0930824
1806.09 0.0856611
1807.05 0.0778948
1808.01 0.0808836
1808.98 0.0860026
1809.94 0.0756782
1810.91 0.0635358
1811.87 0.0764378
1812.84 0.0843918
1813.8 0.0851882
1814.76 0.0860591
1815.73 0.0854207
1816.69 0.0726222
1817.66 0.0591475
1818.62 0.0605651
1819.59 0.0638387
1820.55 0.0659029
1821.51 0.0747907
1822.48 0.0796689
1823.44 0.0855913
1824.41 0.0799603
1825.37 0.0590975
1826.34 0.0720833
1827.3 0.0879456
1828.26 0.0858051
1829.23 0.0716559
1830.19 0.0542631
1831.16 0.0779105
1832.12 0.101635
1833.09 0.107266
1834.05 0.103954
1835.01 0.106316
1835.98 0.107993
1836.94 0.10207
1837.91 0.102783
1838.87 0.112026
1839.84 0.11736
1840.8 0.121084
1841.76 0.124371
1842.73 0.117006
1843.69 0.0825422
1844.66 0.0653211
1845.62 0.105693
1846.59 0.12698
1847.55 0.122341
1848.51 0.127124
1849.48 0.139522
1850.44 0.144477
1851.41 0.144828
1852.37 0.14346
1853.34 0.145496
1854.3 0.145726
1855.26 0.146897
1856.23 0.148882
1857.19 0.152533
1858.16 0.151976
1859.12 0.152707
1860.09 0.161529
1861.05 0.164724
1862.01 0.166188
1862.98 0.171388
1863.94 0.172293
1864.91 0.175386
1865.87 0.175436
1866.83 0.168429
1867.8 0.154467
1868.76 0.139709
1869.73 0.15243
1870.69 0.178823
1871.66 0.183162
1872.62 0.188644
1873.58 0.195292
1874.55 0.189811
1875.51 0.187422
1876.48 0.186033
1877.44 0.187105
1878.41 0.194834
1879.37 0.201267
1880.33 0.203993
1881.3 0.20754
1882.26 0.202882
1883.23 0.199259
1884.19 0.201865
1885.16 0.204547
1886.12 0.207354
1887.08 0.207163
1888.05 0.201374
1889.01 0.193813
1889.98 0.196773
1890.94 0.214308
1891.91 0.215411
1892.87 0.210954
1893.83 0.21224
1894.8 0.210894
1895.76 0.211298
1896.73 0.218283
1897.69 0.220697
1898.66 0.216631
1899.62 0.209166
1900.58 0.214262
1901.55 0.223272
1902.51 0.229677
1903.48 0.231389
1904.44 0.233613
1905.4 0.235254
1906.37 0.232304
1907.33 0.230048
1908.3 0.226626
1909.26 0.219543
1910.23 0.218093
1911.19 0.22934
1912.15 0.234116
1913.12 0.22792
1914.08 0.226394
1915.05 0.225531
1916.01 0.225277
1916.98 0.219002
1917.94 0.198838
1918.9 0.195976
1919.87 0.20852
1920.83 0.220794
1921.8 0.225137
1922.76 0.217706
1923.73 0.213543
1924.69 0.210279
1925.65 0.210342
1926.62 0.210866
1927.58 0.206484
1928.55 0.2071
1929.51 0.203035
1930.48 0.19715
1931.44 0.193523
1932.4 0.190002
1933.37 0.192442
1934.33 0.188365
1935.3 0.183502
1936.26 0.188682
1937.23 0.190164
1938.19 0.179884
1939.15 0.178979
1940.12 0.182545
1941.08 0.180382
1942.05 0.16303
1943.01 0.151502
1943.98 0.157039
1944.94 0.160585
1945.9 0.15812
1946.87 0.154154
1947.83 0.154593
1948.8 0.154849
1949.76 0.140629
1950.73 0.135367
1951.69 0.138225
1952.65 0.137381
1953.62 0.142631
1954.58 0.152941
1955.55 0.153129
1956.51 0.145144
1957.48 0.13323
1958.44 0.116004
1959.4 0.0932615
1960.37 0.0798639
1961.33 0.0779146
1962.3 0.0862979
1963.26 0.0841748
1964.23 0.0813167
1965.19 0.0839262
1966.15 0.0716857
1967.12 0.0544236
1968.08 0.0590145
1969.05 0.065538
1970.01 0.0597157
1970.98 0.0575494
1971.94 0.0529373
1972.9 0.0441975
1973.87 0.0429401
1974.83 0.0460387
1975.8 0.0326861
1976.76 -0.0164266
1977.73 -0.0523371
1978.69 -0.0128203
1979.65 0.0604096
1980.62 0.108117
1981.58 0.133463
1982.55 0.127242
1983.51 0.112045
1984.48 0.107918
1985.44 0.118
1986.4 0.124559
1987.37 0.110922
1988.33 0.101258
1989.3 0.095564
1990.26 0.0898848
1991.23 0.0910088
1992.19 0.0873587
1993.15 0.0888713
1994.12 0.0896247
1995.08 0.0850691
1996.05 0.0889966
1997.01 0.0874329
1997.98 0.0724828
1998.94 0.0717189
1999.9 0.0704176
2000.87 0.0685767
2001.83 0.066956
2002.8 0.0686756
2003.76 0.0621172
2004.73 0.0435782
2005.69 0.0111511
2006.65 -0.0192994
2007.62 -0.0194495
2008.58 -0.000433865
2009.55 0.0143278
2010.51 0.0220945
2011.48 0.0242529
2012.44 0.0212415
2013.4 0.0178676
2014.37 0.0238064
2015.33 0.0115137
2016.3 0.00046767
2017.26 0.00256262
2018.22 0.0119063
2019.19 0.0150343
2020.15 0.00551288
2021.12 -0.00839867
2022.08 -0.0154191
2023.05 -0.0134321
2024.01 -0.00430267
2024.97 -0.00544493
2025.94 -0.0081258
2026.9 -0.0141754
2027.87 -0.0207315
2028.83 -0.0224136
2029.8 -0.023253
2030.76 -0.0292771
2031.72 -0.0412059
2032.69 -0.0454625
2033.65 -0.0447828
2034.62 -0.0453849
2035.58 -0.0389158
2036.55 -0.0285358
2037.51 -0.0163699
2038.47 -0.00195541
2039.44 0.0113159
2040.4 0.0152208
2041.37 0.0109217
2042.33 0.00648721
2043.3 0.00448544
2044.26 -0.00207101
2045.22 -0.00775736
2046.19 -0.0132456
2047.15 -0.0243487
2048.12 -0.0552225
2049.08 -0.0693719
2050.05 -0.0117179
2051.01 0.0920268
2051.97 0.124426
2052.94 0.0792057
2053.9 0.0407371
2054.87 0.0412842
2055.83 0.0423231
2056.8 0.0446754
2057.76 0.0382192
2058.72 0.0385783
2059.69 0.0395557
2060.65 0.0280215
2061.62 0.0250266
2062.58 0.02803
2063.55 0.0181995
2064.51 0.00990159
2065.47 0.0106378
2066.44 0.00909434
2067.4 0.0106459
2068.37 0.0138249
2069.33 0.0193749
2070.3 0.0263435
2071.26 0.0207742
2072.22 0.0138133
2073.19 0.00945772
2074.15 0.00845993
2075.12 0.00376996
2076.08 0.00185533
2077.05 0.00518317
2078.01 0.0159448
2078.97 0.020377
2079.94 0.0193483
2080.9 0.0220765
2081.87 0.0252573
2082.83 0.0205625
2083.8 0.0193493
2084.76 0.0234654
2085.72 0.0275227
2086.69 0.0254462
2087.65 0.0301159
2088.62 0.031623
2089.58 0.0238768
2090.55 0.0156571
2091.51 0.0229885
2092.47 0.0273867
2093.44 0.010087
2094.4 -0.0123124
2095.37 -0.0269184
2096.33 -0.028955
2097.3 -0.0177283
2098.26 -0.0114896
2099.22 -0.0116273
2100.19 -0.00999753
2101.15 -0.000811312
2102.12 0.00566369
2103.08 0.00716253
2104.05 -0.00512203
2105.01 -0.0136485
2105.97 -0.00667374
2106.94 -0.000658428
2107.9 0.00700217
2108.87 0.013472
2109.83 0.00361083
2110.8 -0.00171708
2111.76 0.00391354
2112.72 0.00450243
2113.69 0.00199517
2114.65 0.00563065
2115.62 0.00534304
2116.58 0.00482711
2117.55 0.0110409
2118.51 0.0143519
2119.47 0.00964064
2120.44 0.0167433
2121.4 0.0192613
2122.37 0.00927268
2123.33 0.00211335
2124.3 0.00149755
2125.26 -0.00668912
2126.22 -0.00890051
2127.19 -0.00969651
2128.15 -0.00915953
2129.12 -0.0162697
2130.08 -0.0209942
2131.05 -0.0280207
2132.01 -0.0485125
2132.97 -0.082495
2133.94 -0.110574
2134.9 -0.122109
2135.87 -0.119306
2136.83 -0.115195
2137.8 -0.110494
2138.76 -0.100659
2139.72 -0.0961423
2140.69 -0.0963359
2141.65 -0.0976061
2142.62 -0.11164
2143.58 -0.117664
2144.55 -0.116085
2145.51 -0.114595
2146.47 -0.112256
2147.44 -0.11045
2148.4 -0.11125
2149.37 -0.105214
2150.33 -0.103147
2151.3 -0.0976979
2152.26 -0.103125
2153.22 -0.114951
2154.19 -0.123405
2155.15 -0.12501
2156.12 -0.145287
2157.08 -0.23392
2158.05 -0.37072
2159.01 -0.413266
2159.97 -0.348204
2160.94 -0.256966
2161.9 -0.200144
2162.87 -0.165174
2163.83 -0.140499
2164.8 -0.125466
2165.76 -0.106642
2166.72 -0.0773694
2167.69 -0.0592118
2168.65 -0.0627568
2169.62 -0.0673903
2170.58 -0.0544852
2171.55 -0.04541
2172.51 -0.0483681
2173.47 -0.0687476
2174.44 -0.0848332
2175.4 -0.0986511
2176.37 -0.0976576
2177.33 -0.0762073
2178.3 -0.0630079
2179.26 -0.0797569
2180.22 -0.108198
2181.19 -0.125514
2182.15 -0.107308
2183.12 -0.0843842
2184.08 -0.0744839
2185.05 -0.0760525
2186.01 -0.0723557
2186.97 -0.0619885
2187.94 -0.0583731
2188.9 -0.0481043
2189.87 -0.038823
2190.83 -0.0408603
2191.8 -0.033175
2192.76 -0.0293909
2193.72 -0.0343382
2194.69 -0.034285
2195.65 -0.0293909
2196.62 -0.0283373
2197.58 -0.021659
2198.55 -0.0126887
2199.51 -0.00922232
2200.47 -0.00840482
2201.44 -0.0114974
2202.4 -0.0141276
2203.37 -0.00770508
2204.33 -0.000754163
2205.3 0.00507102
2206.26 0.00329698
2207.22 0.00623273
2208.19 0.00367698
2209.15 0.00634365
2210.12 0.020213
2211.08 0.0362357
2212.04 0.0346262
2213.01 0.027773
2213.97 0.0209137
2214.94 0.0215055
2215.9 0.0227821
2216.87 0.0261318
2217.83 0.027647
2218.79 0.0286558
2219.76 0.0340881
2220.72 0.0369784
2221.69 0.0327424
2222.65 0.039625
2223.62 0.0467167
2224.58 0.0476569
2225.54 0.0389083
2226.51 0.0367161
2227.47 0.048425
2228.44 0.049124
2229.4 0.0453257
2230.37 0.0486764
2231.33 0.0510401
2232.29 0.0625412
2233.26 0.065154
2234.22 0.061613
2235.19 0.0590912
2236.15 0.0592534
2237.12 0.0625153
2238.08 0.0665553
2239.04 0.0608098
2240.01 0.0615013
2240.97 0.0660714
2241.94 0.069453
2242.9 0.0698621
2243.86 0.0760022
2244.83 0.0838795
2245.79 0.0962644
2246.76 0.0993539
2247.72 0.0998447
2248.69 0.100122
2249.65 0.104313
2250.61 0.112165
2251.58 0.121021
2252.54 0.118801
2253.51 0.106312
2254.47 0.0977662
2255.44 0.105603
2256.4 0.121603
2257.36 0.13554
2258.33 0.136415
2259.29 0.141472
2260.26 0.157656
2261.22 0.164939
2262.19 0.157453
2263.15 0.155346
2264.11 0.161798
2265.08 0.165548
2266.04 0.161492
2267.01 0.163392
2267.97 0.172512
2268.94 0.17846
2269.9 0.174902
2270.86 0.175242
2271.83 0.183473
2272.79 0.192201
2273.76 0.195761
2274.72 0.20421
2275.69 0.210307
2276.65 0.217978
2277.61 0.226865
2278.58 0.238919
2279.54 0.25213
2280.51 0.261628
2281.47 0.274638
2282.44 0.290117
2283.4 0.306567
2284.36 0.334605
2285.33 0.365806
2286.29 0.387421
2287.26 0.402248
2288.22 0.417182
2289.19 0.43821
2290.15 0.471179
2291.11 0.49024
2292.08 0.499817
2293.04 0.508534
2294.01 0.525391
2294.97 0.54364
2295.94 0.558062
2296.9 0.585881
2297.86 0.627909
2298.83 0.689496
2299.79 0.77484
2300.76 0.84717
2301.72 0.886332
2302.69 0.886243
2303.65 0.874669
2304.61 0.835456
2305.58 0.800512
2306.54 0.739665
2307.51 0.688663
2308.47 0.637679
2309.44 0.582844
2310.4 0.542439
2311.36 0.490821
2312.33 0.458334
2313.29 0.40301
2314.26 0.387396
2315.22 0.342097
2316.19 0.326215
2317.15 0.286237
2318.11 0.276212
2319.08 0.245542
2320.04 0.251984
2321.01 0.243345
2321.97 0.265117
2322.94 0.291964
2323.9 0.395362
2324.86 0.493788
2325.83 0.574367
2326.79 0.642771
2327.76 0.720785
2328.72 0.797387
2329.69 0.896613
2330.65 1.00577
2331.61 1.12979
2332.58 1.27183
2333.54 1.43997
2334.51 1.62048
2335.47 1.80305
2336.44 2.01606
2337.4 2.27591
2338.36 2.57318
2339.33 2.89755
2340.29 3.27775
2341.26 3.70302
2342.22 4.15982
2343.19 4.64388
2344.15 5.18572
2345.11 5.75715
2346.08 6.39115
2347.04 7.07931
2348.01 7.82007
2348.97 8.55112
2349.94 9.25828
2350.9 9.97544
2351.86 10.7674
2352.83 11.6132
2353.79 12.4922
2354.76 13.3942
2355.72 14.3423
2356.69 15.2584
2357.65 16.1709
2358.61 17.0437
2359.58 17.885
2360.54 18.5823
2361.51 19.2309
2362.47 19.797
2363.44 20.2634
2364.4 20.6441
2365.36 21.2137
2366.33 22.087
2367.29 23.4489
2368.26 25.325
2369.22 27.7814
2370.19 30.4083
2371.15 32.8148
2372.11 34.5507
2373.08 35.5444
2374.04 35.6759
2375.01 35.1505
2375.97 34.0561
2376.93 32.5964
2377.9 30.8853
2378.86 29.0631
2379.83 27.2046
2380.79 25.4069
2381.76 23.6542
2382.72 21.9505
2383.68 20.3281
2384.65 18.7716
2385.61 17.2829
2386.58 15.8647
2387.54 14.4941
2388.51 13.1686
2389.47 11.895
2390.43 10.6961
2391.4 9.60062
2392.36 8.56228
2393.33 7.51606
2394.29 6.43231
2395.26 5.3172
2396.22 4.21218
2397.18 3.15909
2398.15 2.1883
2399.11 1.29232
2400.08 0.464154
2401.04 -0.31055
2402.01 -1.06556
2402.97 -1.79342
2403.93 -2.46875
2404.9 -3.092
2405.86 -3.66904
2406.83 -4.19718
2407.79 -4.66635
2408.76 -5.08862
2409.72 -5.46817
2410.68 -5.80101
2411.65 -6.07963
2412.61 -6.3069
2413.58 -6.48245
2414.54 -6.62097
2415.51 -6.72819
2416.47 -6.80347
2417.43 -6.84756
2418.4 -6.86181
2419.36 -6.84555
2420.33 -6.80222
2421.29 -6.74063
2422.26 -6.67513
2423.22 -6.59575
2424.18 -6.50414
2425.15 -6.39722
2426.11 -6.28392
2427.08 -6.16564
2428.04 -6.03021
2429.01 -5.88327
2429.97 -5.73205
2430.93 -5.57814
2431.9 -5.42772
2432.86 -5.27527
2433.83 -5.10967
2434.79 -4.94199
2435.76 -4.77534
2436.72 -4.60164
2437.68 -4.42921
2438.65 -4.25926
2439.61 -4.0877
2440.58 -3.91137
2441.54 -3.73513
2442.51 -3.55437
2443.47 -3.37566
2444.43 -3.20172
2445.4 -3.02562
2446.36 -2.84859
2447.33 -2.67837
2448.29 -2.51257
2449.26 -2.34466
2450.22 -2.17319
2451.18 -2.01672
2452.15 -1.86473
2453.11 -1.70754
2454.08 -1.55075
2455.04 -1.39677
2456.01 -1.25321
2456.97 -1.12465
2457.93 -0.998758
2458.9 -0.871542
2459.86 -0.748056
2460.83 -0.628228
2461.79 -0.525647
2462.76 -0.430651
2463.72 -0.335289
2464.68 -0.243641
2465.65 -0.163996
2466.61 -0.0958221
2467.58 -0.0299176
2468.54 0.0286199
2469.51 0.0752436
2470.47 0.124691
2471.43 0.166399
2472.4 0.196514
2473.36 0.223331
2474.33 0.25069
2475.29 0.283143
2476.26 0.302278
2477.22 0.316072
2478.18 0.334739
2479.15 0.356571
2480.11 0.374824
2481.08 0.385984
2482.04 0.391726
2483.01 0.397519
2483.97 0.414137
2484.93 0.426379
2485.9 0.432464
2486.86 0.437536
2487.83 0.442259
2488.79 0.447914
2489.76 0.456057
2490.72 0.469494
2491.68 0.470916
2492.65 0.47706
2493.61 0.48358
2494.58 0.480335
2495.54 0.487026
2496.51 0.49946
2497.47 0.509487
2498.43 0.511556
2499.4 0.515544
2500.36 0.521816
2501.33 0.531492
2502.29 0.536479
2503.26 0.532523
2504.22 0.533591
2505.18 0.536783
2506.15 0.532791
2507.11 0.532043
2508.08 0.540009
2509.04 0.547122
2510.01 0.554447
2510.97 0.552418
2511.93 0.547567
2512.9 0.556102
2513.86 0.561001
2514.83 0.562188
2515.79 0.567609
2516.76 0.566097
2517.72 0.562565
2518.68 0.561392
2519.65 0.555784
2520.61 0.555004
2521.58 0.56439
2522.54 0.569755
2523.51 0.569637
2524.47 0.568135
2525.43 0.571192
2526.4 0.573733
2527.36 0.575677
2528.33 0.582511
2529.29 0.579984
2530.26 0.574717
2531.22 0.578489
2532.18 0.581693
2533.15 0.581504
2534.11 0.589981
2535.08 0.594586
2536.04 0.588996
2537.01 0.587394
2537.97 0.589582
2538.93 0.587826
2539.9 0.586461
2540.86 0.588437
2541.83 0.593132
2542.79 0.597163
2543.76 0.598291
2544.72 0.599073
2545.68 0.594722
2546.65 0.590229
2547.61 0.592576
2548.58 0.591195
2549.54 0.59369
2550.51 0.593734
2551.47 0.582128
2552.43 0.571713
2553.4 0.573161
2554.36 0.575788
2555.33 0.572449
2556.29 0.573056
2557.26 0.579883
2558.22 0.582011
2559.18 0.578592
2560.15 0.571664
2561.11 0.57083
2562.08 0.57702
2563.04 0.574102
2564.01 0.570745
2564.97 0.57432
2565.93 0.571551
2566.9 0.569175
2567.86 0.575515
2568.83 0.58054
2569.79 0.574125
2570.75 0.564365
2571.72 0.562918
2572.68 0.569158
2573.65 0.572578
2574.61 0.567415
2575.58 0.565652
2576.54 0.563403
2577.5 0.559443
2578.47 0.558588
2579.43 0.554914
2580.4 0.555724
2581.36 0.561571
2582.33 0.559482
2583.29 0.542601
2584.25 0.533632
2585.22 0.543881
2586.18 0.551512
2587.15 0.553272
2588.11 0.555829
2589.08 0.554297
2590.04 0.548113
2591 0.544856
2591.97 0.544068
2592.93 0.545463
2593.9 0.543828
2594.86 0.54319
2595.83 0.53595
2596.79 0.530583
2597.75 0.525908
2598.72 0.526974
2599.68 0.535874
2600.65 0.53358
2601.61 0.533159
2602.57 0.536475
2603.54 0.53009
2604.5 0.521359
2605.47 0.516112
2606.43 0.514125
2607.4 0.515555
2608.36 0.517129
2609.32 0.514878
2610.29 0.514501
2611.25 0.513776
2612.22 0.504348
2613.18 0.496539
2614.15 0.500401
2615.11 0.498104
2616.07 0.489293
2617.04 0.48335
2618 0.481526
2618.97 0.487203
2619.93 0.486509
2620.9 0.485124
2621.86 0.492193
2622.82 0.493637
2623.79 0.494191
2624.75 0.487182
2625.72 0.474012
2626.68 0.474059
2627.65 0.480461
2628.61 0.476326
2629.57 0.468153
2630.54 0.465721
2631.5 0.463134
2632.47 0.462559
2633.43 0.464296
2634.4 0.464987
2635.36 0.467357
2636.32 0.469613
2637.29 0.465378
2638.25 0.458041
2639.22 0.446738
2640.18 0.437396
2641.15 0.43699
2642.11 0.432861
2643.07 0.425387
2644.04 0.418361
2645 0.42169
2645.97 0.431088
2646.93 0.427743
2647.9 0.425375
2648.86 0.429383
2649.82 0.417845
2650.79 0.406623
2651.75 0.413166
2652.72 0.413581
2653.68 0.408824
2654.65 0.41016
2655.61 0.40903
2656.57 0.405046
2657.54 0.403341
2658.5 0.398127
2659.47 0.395626
2660.43 0.39126
2661.4 0.386095
2662.36 0.387651
2663.32 0.394131
2664.29 0.385251
2665.25 0.365571
2666.22 0.366748
2667.18 0.367789
2668.15 0.356192
2669.11 0.351886
2670.07 0.351979
2671.04 0.346278
2672 0.339235
2672.97 0.334764
2673.93 0.323194
2674.9 0.313199
2675.86 0.317608
2676.82 0.318252
2677.79 0.314033
2678.75 0.305666
2679.72 0.300226
2680.68 0.297937
2681.65 0.303509
2682.61 0.304074
2683.57 0.294008
2684.54 0.281491
2685.5 0.280712
2686.47 0.281631
2687.43 0.278605
2688.4 0.276405
2689.36 0.273295
2690.32 0.267989
2691.29 0.261801
2692.25 0.257807
2693.22 0.258045
2694.18 0.255393
2695.15 0.249138
2696.11 0.246057
2697.07 0.243539
2698.04 0.241546
2699 0.240338
2699.97 0.240487
2700.93 0.238452
2701.9 0.23876
2702.86 0.236619
2703.82 0.225576
2704.79 0.222766
2705.75 0.228029
2706.72 0.2197
2707.68 0.215242
2708.65 0.226526
2709.61 0.226032
2710.57 0.213214
2711.54 0.209064
2712.5 0.209675
2713.47 0.209646
2714.43 0.212501
2715.4 0.204816
2716.36 0.19844
2717.32 0.196025
2718.29 0.194568
2719.25 0.194882
2720.22 0.19216
2721.18 0.187917
2722.15 0.187592
2723.11 0.19299
2724.07 0.191575
2725.04 0.187433
2726 0.182781
2726.97 0.181826
2727.93 0.186271
2728.9 0.186626
2729.86 0.180622
2730.82 0.173747
2731.79 0.175265
2732.75 0.171518
2733.72 0.168927
2734.68 0.166933
2735.64 0.160946
2736.61 0.162637
2737.57 0.178818
2738.54 0.188954
2739.5 0.177101
2740.47 0.169772
2741.43 0.171873
2742.39 0.172112
2743.36 0.170422
2744.32 0.171089
2745.29 0.172036
2746.25 0.170001
2747.22 0.165203
2748.18 0.165111
2749.14 0.164558
2750.11 0.16027
2751.07 0.157787
2752.04 0.159364
2753 0.165062
2753.97 0.169535
2754.93 0.161755
2755.89 0.152176
2756.86 0.156613
2757.82 0.15826
2758.79 0.150013
2759.75 0.146016
2760.72 0.152626
2761.68 0.156505
2762.64 0.159689
2763.61 0.167846
2764.57 0.163913
2765.54 0.158294
2766.5 0.160457
2767.47 0.159125
2768.43 0.16184
2769.39 0.165895
2770.36 0.157617
2771.32 0.150263
2772.29 0.146907
2773.25 0.153587
2774.22 0.155518
2775.18 0.144938
2776.14 0.148607
2777.11 0.157227
2778.07 0.161324
2779.04 0.161838
2780 0.163982
2780.97 0.159127
2781.93 0.15321
2782.89 0.157764
2783.86 0.163498
2784.82 0.166838
2785.79 0.165876
2786.75 0.163063
2787.72 0.161194
2788.68 0.156857
2789.64 0.158159
2790.61 0.165325
2791.57 0.167153
2792.54 0.168692
2793.5 0.169751
2794.47 0.16694
2795.43 0.163213
2796.39 0.160648
2797.36 0.162872
2798.32 0.164035
2799.29 0.166503
2800.25 0.1655
2801.22 0.162868
2802.18 0.161908
2803.14 0.167414
2804.11 0.171548
2805.07 0.172875
2806.04 0.172629
2807 0.170521
2807.97 0.169617
2808.93 0.168888
2809.89 0.166892
2810.86 0.171622
2811.82 0.175497
2812.79 0.172614
2813.75 0.168145
2814.72 0.171998
2815.68 0.166727
2816.64 0.160515
2817.61 0.165932
2818.57 0.173857
2819.54 0.172066
2820.5 0.168531
2821.47 0.174107
2822.43 0.176826
2823.39 0.179104
2824.36 0.189858
2825.32 0.190675
2826.29 0.193928
2827.25 0.195525
2828.22 0.190727
2829.18 0.188651
2830.14 0.191706
2831.11 0.193763
2832.07 0.19074
2833.04 0.193429
2834 0.204715
2834.97 0.205062
2835.93 0.205443
2836.89 0.212651
2837.86 0.210236
2838.82 0.201945
2839.79 0.207396
2840.75 0.214809
2841.72 0.212879
2842.68 0.219223
2843.64 0.229782
2844.61 0.231791
2845.57 0.24446
2846.54 0.262833
2847.5 0.279199
2848.47 0.293933
2849.43 0.295251
2850.39 0.281847
2851.36 0.275853
2852.32 0.272897
2853.29 0.271101
2854.25 0.268328
2855.22 0.265861
2856.18 0.270322
2857.14 0.266275
2858.11 0.258461
2859.07 0.254256
2860.04 0.24424
2861 0.237785
2861.97 0.245041
2862.93 0.248645
2863.89 0.249541
2864.86 0.257288
2865.82 0.256306
2866.79 0.25566
2867.75 0.26197
2868.72 0.267594
2869.68 0.26428
2870.64 0.257521
2871.61 0.256188
2872.57 0.256285
2873.54 0.249633
2874.5 0.250851
2875.47 0.259
2876.43 0.262761
2877.39 0.266351
2878.36 0.269947
2879.32 0.262754
2880.29 0.260648
2881.25 0.266254
2882.22 0.270302
2883.18 0.272914
2884.14 0.275627
2885.11 0.280168
2886.07 0.282537
2887.04 0.277444
2888 0.274387
2888.97 0.28188
2889.93 0.288827
2890.89 0.29381
2891.86 0.303929
2892.82 0.301564
2893.79 0.29825
2894.75 0.30073
2895.72 0.304202
2896.68 0.308093
2897.64 0.31246
2898.61 0.322202
2899.57 0.322431
2900.54 0.31631
2901.5 0.318517
2902.47 0.321885
2903.43 0.318746
2904.39 0.318686
2905.36 0.319874
2906.32 0.327364
2907.29 0.335537
2908.25 0.337314
2909.22 0.33859
2910.18 0.346464
2911.14 0.361964
2912.11 0.369926
2913.07 0.37686
2914.04 0.388049
2915 0.403885
2915.97 0.40318
2916.93 0.393416
2917.89 0.392141
2918.86 0.390167
2919.82 0.393368
2920.79 0.388975
2921.75 0.376755
2922.72 0.369847
2923.68 0.36173
2924.64 0.35361
2925.61 0.344558
2926.57 0.34018
2927.54 0.339986
2928.5 0.335242
2929.46 0.338775
2930.43 0.346098
2931.39 0.340336
2932.36 0.324631
2933.32 0.313289
2934.29 0.311408
2935.25 0.316535
2936.21 0.319143
2937.18 0.322688
2938.14 0.325523
2939.11 0.315599
2940.07 0.305741
2941.04 0.297635
2942 0.289906
2942.96 0.293334
2943.93 0.302649
2944.89 0.309221
2945.86 0.309355
2946.82 0.304657
2947.79 0.292985
2948.75 0.285709
2949.71 0.281508
2950.68 0.282607
2951.64 0.286589
2952.61 0.290732
2953.57 0.291159
2954.54 0.284884
2955.5 0.284047
2956.46 0.290659
2957.43 0.292881
2958.39 0.284391
2959.36 0.274371
2960.32 0.265521
2961.28 0.274942
2962.25 0.2834
2963.21 0.276748
2964.18 0.269682
2965.14 0.274346
2966.11 0.279196
2967.07 0.271283
2968.03 0.261626
2969 0.259331
2969.96 0.263559
2970.93 0.269494
2971.89 0.268577
2972.86 0.260104
2973.82 0.255917
2974.78 0.259636
2975.75 0.265695
2976.71 0.264796
2977.68 0.260053
2978.64 0.257653
2979.61 0.257298
2980.57 0.25539
2981.53 0.255397
2982.5 0.250633
2983.46 0.252751
2984.43 0.254963
2985.39 0.251287
2986.36 0.257972
2987.32 0.259381
2988.28 0.25319
2989.25 0.253763
2990.21 0.251674
2991.18 0.254243
2992.14 0.264197
2993.11 0.272549
2994.07 0.27993
2995.03 0.272621
2996 0.264011
2996.96 0.25999
2997.93 0.258867
2998.89 0.251474
2999.86 0.249897
3000.82 0.257336
3001.78 0.257611
3002.75 0.255192
3003.71 0.260107
3004.68 0.264634
3005.64 0.268408
3006.61 0.275706
3007.57 0.284132
3008.53 0.282515
3009.5 0.282522
3010.46 0.286147
3011.43 0.28816
3012.39 0.291949
3013.36 0.291961
3014.32 0.294599
3015.28 0.288935
3016.25 0.281708
3017.21 0.280623
3018.18 0.271175
3019.14 0.266195
3020.11 0.266969
3021.07 0.281681
3022.03 0.288151
3023 0.275955
3023.96 0.277604
3024.93 0.29476
3025.89 0.287689
3026.86 0.281091
3027.82 0.293361
3028.78 0.29939
3029.75 0.300317
3030.71 0.306428
3031.68 0.309705
3032.64 0.306833
3033.61 0.307814
3034.57 0.312644
3035.53 0.308879
3036.5 0.301729
3037.46 0.302401
3038.43 0.308865
3039.39 0.309298
3040.36 0.298244
3041.32 0.301851
3042.28 0.32552
3043.25 0.337259
3044.21 0.338745
3045.18 0.335974
3046.14 0.324816
3047.11 0.314142
3048.07 0.309634
3049.03 0.313859
3050 0.327771
3050.96 0.342826
3051.93 0.343503
3052.89 0.326711
3053.86 0.31693
3054.82 0.324182
3055.78 0.333235
3056.75 0.333127
3057.71 0.324258
3058.68 0.325271
3059.64 0.329249
3060.61 0.326451
3061.57 0.329576
3062.53 0.328535
3063.5 0.322423
3064.46 0.324413
3065.43 0.328799
3066.39 0.334622
3067.36 0.346999
3068.32 0.349054
3069.28 0.348043
3070.25 0.356271
3071.21 0.362216
3072.18 0.360524
3073.14 0.356661
3074.11 0.350967
3075.07 0.354365
3076.03 0.365186
3077 0.366162
3077.96 0.367649
3078.93 0.372955
3079.89 0.371728
3080.86 0.368474
3081.82 0.365036
3082.78 0.371287
3083.75 0.387232
3084.71 0.404226
3085.68 0.415841
3086.64 0.420285
3087.61 0.418684
3088.57 0.422558
3089.53 0.433052
3090.5 0.440496
3091.46 0.444043
3092.43 0.430267
3093.39 0.414493
3094.36 0.403839
3095.32 0.404395
3096.28 0.418858
3097.25 0.432017
3098.21 0.438612
3099.18 0.440269
3100.14 0.442877
3101.11 0.455207
3102.07 0.473821
3103.03 0.507299
3104 0.559204
3104.96 0.636861
3105.93 0.769038
3106.89 0.855985
3107.86 0.816152
3108.82 0.74023
3109.78 0.67943
3110.75 0.630343
3111.71 0.594701
3112.68 0.56756
3113.64 0.545441
3114.61 0.524651
3115.57 0.513959
3116.53 0.51651
3117.5 0.517938
3118.46 0.514991
3119.43 0.515774
3120.39 0.518212
3121.36 0.518656
3122.32 0.504692
3123.28 0.489323
3124.25 0.487108
3125.21 0.485541
3126.18 0.487252
3127.14 0.504502
3128.11 0.509139
3129.07 0.510127
3130.03 0.522301
3131 0.524437
3131.96 0.524248
3132.93 0.536867
3133.89 0.55499
3134.86 0.571211
3135.82 0.591537
3136.78 0.605742
3137.75 0.609016
3138.71 0.603952
3139.68 0.598043
3140.64 0.600339
3141.61 0.619049
3142.57 0.651478
3143.53 0.681694
3144.5 0.683893
3145.46 0.661987
3146.43 0.649368
3147.39 0.646761
3148.35 0.64407
3149.32 0.628877
3150.28 0.620107
3151.25 0.626787
3152.21 0.63262
3153.18 0.638487
3154.14 0.652368
3155.1 0.676553
3156.07 0.692204
3157.03 0.688153
3158 0.684426
3158.96 0.694493
3159.93 0.699582
3160.89 0.687219
3161.85 0.685264
3162.82 0.696384
3163.78 0.703977
3164.75 0.712398
3165.71 0.719355
3166.68 0.713087
3167.64 0.699725
3168.6 0.697169
3169.57 0.701499
3170.53 0.701852
3171.5 0.699087
3172.46 0.708889
3173.43 0.718471
3174.39 0.719029
3175.35 0.73073
3176.32 0.752984
3177.28 0.778303
3178.25 0.805144
3179.21 0.816971
3180.18 0.812036
3181.14 0.819517
3182.1 0.834663
3183.07 0.833996
3184.03 0.840621
3185 0.854178
3185.96 0.866254
3186.93 0.872188
3187.89 0.874442
3188.85 0.872391
3189.82 0.871638
3190.78 0.875443
3191.75 0.870388
3192.71 0.861791
3193.68 0.856174
3194.64 0.855756
3195.6 0.856218
3196.57 0.856942
3197.53 0.859086
3198.5 0.866426
3199.46 0.867604
3200.43 0.870817
3201.39 0.88374
3202.35 0.895967
3203.32 0.900459
3204.28 0.898545
3205.25 0.900166
3206.21 0.910433
3207.18 0.913603
3208.14 0.901554
3209.1 0.893308
3210.07 0.897111
3211.03 0.906922
3212 0.910923
3212.96 0.916201
3213.93 0.924666
3214.89 0.94166
3215.85 0.964902
3216.82 0.971787
3217.78 0.96543
3218.75 0.963866
3219.71 0.964778
3220.68 0.977099
3221.64 0.982785
3222.6 0.984044
3223.57 0.99703
3224.53 1.0071
3225.5 1.01506
3226.46 1.02908
3227.43 1.03929
3228.39 1.04276
3229.35 1.04993
3230.32 1.05899
3231.28 1.06689
3232.25 1.07973
3233.21 1.0948
3234.18 1.1174
3235.14 1.13763
3236.1 1.14597
3237.07 1.15591
3238.03 1.16361
3239 1.15462
3239.96 1.14802
3240.93 1.15499
3241.89 1.17187
3242.85 1.18095
3243.82 1.18578
3244.78 1.19318
3245.75 1.20284
3246.71 1.2021
3247.68 1.19434
3248.64 1.19744
3249.6 1.19958
3250.57 1.20483
3251.53 1.20853
3252.5 1.22462
3253.46 1.24095
3254.43 1.25021
3255.39 1.27171
3256.35 1.30454
3257.32 1.31657
3258.28 1.31576
3259.25 1.31872
3260.21 1.30597
3261.18 1.30644
3262.14 1.31794
3263.1 1.3256
3264.07 1.3344
3265.03 1.34366
3266 1.35562
3266.96 1.36059
3267.93 1.35921
3268.89 1.37426
3269.85 1.38594
3270.82 1.381
3271.78 1.38002
3272.75 1.4127
3273.71 1.44023
3274.68 1.44548
3275.64 1.44887
3276.6 1.44225
3277.57 1.43655
3278.53 1.44273
3279.5 1.44756
3280.46 1.45498
3281.42 1.45894
3282.39 1.45368
3283.35 1.45264
3284.32 1.46004
3285.28 1.46421
3286.25 1.45571
3287.21 1.45859
3288.17 1.46052
3289.14 1.44225
3290.1 1.43418
3291.07 1.4525
3292.03 1.47371
3293 1.47808
3293.96 1.48526
3294.92 1.50126
3295.89 1.50015
3296.85 1.49323
3297.82 1.50092
3298.78 1.50369
3299.75 1.5131
3300.71 1.52593
3301.67 1.53151
3302.64 1.53289
3303.6 1.54455
3304.57 1.56137
3305.53 1.56818
3306.5 1.57239
3307.46 1.57708
3308.42 1.58756
3309.39 1.60087
3310.35 1.59513
3311.32 1.57883
3312.28 1.57965
3313.24 1.59901
3314.21 1.61585
3315.17 1.62364
3316.14 1.61417
3317.1 1.62009
3318.07 1.63531
3319.03 1.64587
3319.99 1.65585
3320.96 1.66266
3321.92 1.66279
3322.89 1.66754
3323.85 1.67979
3324.82 1.68745
3325.78 1.68203
3326.74 1.68274
3327.71 1.69064
3328.67 1.68854
3329.64 1.68093
3330.6 1.68648
3331.57 1.70831
3332.53 1.72334
3333.49 1.73947
3334.46 1.74829
3335.42 1.74625
3336.39 1.73772
3337.35 1.74575
3338.32 1.77066
3339.28 1.7784
3340.24 1.77358
3341.21 1.77706
3342.17 1.77815
3343.14 1.78295
3344.1 1.79201
3345.07 1.80823
3346.03 1.82164
3346.99 1.83203
3347.96 1.84054
3348.92 1.84337
3349.89 1.83779
3350.85 1.84416
3351.82 1.84895
3352.78 1.84963
3353.74 1.85123
3354.71 1.84829
3355.67 1.85258
3356.64 1.86788
3357.6 1.86958
3358.57 1.87367
3359.53 1.87541
3360.49 1.87697
3361.46 1.89289
3362.42 1.90143
3363.39 1.9012
3364.35 1.9022
3365.32 1.90505
3366.28 1.91528
3367.24 1.92656
3368.21 1.93459
3369.17 1.92159
3370.14 1.91613
3371.1 1.92306
3372.07 1.93366
3373.03 1.9534
3373.99 1.95159
3374.96 1.93525
3375.92 1.9414
3376.89 1.96115
3377.85 1.96837
3378.82 1.9713
3379.78 1.97689
3380.74 1.97716
3381.71 1.99523
3382.67 2.00378
3383.64 1.99521
3384.6 1.97987
3385.57 1.97707
3386.53 1.99389
3387.49 2.00477
3388.46 2.00204
3389.42 1.9974
3390.39 2.00031
3391.35 2.01135
3392.32 2.01292
3393.28 2.01836
3394.24 2.02724
3395.21 2.02915
3396.17 2.0309
3397.14 2.03936
3398.1 2.04384
3399.07 2.04105
3400.03 2.03659
3400.99 2.04618
3401.96 2.0589
3402.92 2.06411
3403.89 2.07001
3404.85 2.07138
3405.82 2.06963
3406.78 2.06258
3407.74 2.05988
3408.71 2.06568
3409.67 2.07119
3410.64 2.07701
3411.6 2.08813
3412.57 2.09048
3413.53 2.09292
3414.49 2.11323
3415.46 2.12131
3416.42 2.10906
3417.39 2.09911
3418.35 2.09902
3419.32 2.09854
3420.28 2.1067
3421.24 2.11389
3422.21 2.10854
3423.17 2.10843
3424.14 2.12122
3425.1 2.12363
3426.07 2.13103
3427.03 2.14178
3427.99 2.14673
3428.96 2.14385
3429.92 2.13618
3430.89 2.13531
3431.85 2.13769
3432.82 2.14307
3433.78 2.15671
3434.74 2.14987
3435.71 2.14716
3436.67 2.15387
3437.64 2.15705
3438.6 2.16562
3439.57 2.16553
3440.53 2.16522
3441.49 2.1707
3442.46 2.17177
3443.42 2.17564
3444.39 2.18724
3445.35 2.18497
3446.32 2.17265
3447.28 2.16889
3448.24 2.17479
3449.21 2.16182
3450.17 2.15909
3451.14 2.16874
3452.1 2.17922
3453.07 2.17542
3454.03 2.1711
3454.99 2.17318
3455.96 2.17735
3456.92 2.17439
3457.89 2.17379
3458.85 2.18938
3459.82 2.19335
3460.78 2.17972
3461.74 2.18363
3462.71 2.19309
3463.67 2.19919
3464.64 2.19671
3465.6 2.19046
3466.57 2.18997
3467.53 2.19214
3468.49 2.19447
3469.46 2.18896
3470.42 2.19017
3471.39 2.19757
3472.35 2.1955
3473.32 2.19781
3474.28 2.19476
3475.24 2.19823
3476.21 2.19857
3477.17 2.19941
3478.14 2.20011
3479.1 2.20407
3480.07 2.20803
3481.03 2.20438
3481.99 2.20542
3482.96 2.20606
3483.92 2.21317
3484.89 2.20865
3485.85 2.1997
3486.82 2.19602
3487.78 2.19383
3488.74 2.20183
3489.71 2.21722
3490.67 2.21521
3491.64 2.21197
3492.6 2.2116
3493.57 2.20922
3494.53 2.20115
3495.49 2.18428
3496.46 2.17859
3497.42 2.19028
3498.39 2.1879
3499.35 2.18197
3500.32 2.1862
3501.28 2.18655
3502.24 2.19086
3503.21 2.19845
3504.17 2.19524
3505.14 2.19477
3506.1 2.20441
3507.06 2.19532
3508.03 2.17108
3508.99 2.15478
3509.96 2.15478
3510.92 2.16279
3511.89 2.16327
3512.85 2.15798
3513.81 2.1584
3514.78 2.16458
3515.74 2.16643
3516.71 2.15865
3517.67 2.15446
3518.64 2.15487
3519.6 2.15591
3520.56 2.15685
3521.53 2.14849
3522.49 2.13039
3523.46 2.12623
3524.42 2.13488
3525.39 2.1291
3526.35 2.11971
3527.31 2.12207
3528.28 2.11884
3529.24 2.1179
3530.21 2.12626
3531.17 2.12462
3532.14 2.11645
3533.1 2.11339
3534.06 2.10197
3535.03 2.08495
3535.99 2.07499
3536.96 2.07643
3537.92 2.08619
3538.89 2.08016
3539.85 2.07349
3540.81 2.07007
3541.78 2.06078
3542.74 2.05239
3543.71 2.04107
3544.67 2.01965
3545.64 2.00192
3546.6 1.99611
3547.56 1.98716
3548.53 1.98855
3549.49 1.99261
3550.46 1.9984
3551.42 1.99167
3552.39 1.98821
3553.35 1.98895
3554.31 1.98425
3555.28 1.97914
3556.24 1.96043
3557.21 1.94405
3558.17 1.94368
3559.14 1.9484
3560.1 1.93906
3561.06 1.93722
3562.03 1.92861
3562.99 1.9042
3563.96 1.87872
3564.92 1.86826
3565.89 1.85678
3566.85 1.83705
3567.81 1.81203
3568.78 1.82598
3569.74 1.86114
3570.71 1.85381
3571.67 1.83882
3572.64 1.83146
3573.6 1.82006
3574.56 1.8089
3575.53 1.80907
3576.49 1.80079
3577.46 1.77661
3578.42 1.76703
3579.39 1.76787
3580.35 1.75595
3581.31 1.74791
3582.28 1.73873
3583.24 1.72589
3584.21 1.72276
3585.17 1.71795
3586.14 1.68069
3587.1 1.65387
3588.06 1.65707
3589.03 1.64292
3589.99 1.65957
3590.96 1.66775
3591.92 1.65965
3592.89 1.63116
3593.85 1.6058
3594.81 1.60139
3595.78 1.59555
3596.74 1.59172
3597.71 1.58182
3598.67 1.56612
3599.64 1.55692
3600.6 1.5395
3601.56 1.52917
3602.53 1.51807
3603.49 1.51104
3604.46 1.50798
3605.42 1.50472
3606.39 1.49293
3607.35 1.474
3608.31 1.47039
3609.28 1.44852
3610.24 1.46692
3611.21 1.50766
3612.17 1.51954
3613.14 1.54022
3614.1 1.57458
3615.06 1.60088
3616.03 1.63827
3616.99 1.63948
3617.96 1.60365
3618.92 1.57637
3619.89 1.52525
3620.85 1.52338
3621.81 1.51979
3622.78 1.4943
3623.74 1.46892
3624.71 1.43775
3625.67 1.3988
3626.64 1.36034
3627.6 1.33196
3628.56 1.26797
3629.53 1.22044
3630.49 1.25989
3631.46 1.29797
3632.42 1.30366
3633.39 1.27915
3634.35 1.25309
3635.31 1.25945
3636.28 1.26403
3637.24 1.25924
3638.21 1.24
3639.17 1.22721
3640.13 1.22082
3641.1 1.21287
3642.06 1.20551
3643.03 1.20312
3643.99 1.20726
3644.96 1.19982
3645.92 1.17071
3646.88 1.12947
3647.85 1.1118
3648.81 1.11041
3649.78 1.08526
3650.74 1.09007
3651.71 1.10143
3652.67 1.13117
3653.63 1.1523
3654.6 1.15097
3655.56 1.10832
3656.53 1.05276
3657.49 1.0847
3658.46 1.12375
3659.42 1.12428
3660.38 1.11322
3661.35 1.10164
3662.31 1.09582
3663.28 1.10578
3664.24 1.11604
3665.21 1.11743
3666.17 1.11677
3667.13 1.10561
3668.1 1.07058
3669.06 1.02938
3670.03 1.01657
3670.99 0.974241
3671.95 1.02229
3672.92 1.07811
3673.88 1.07412
3674.85 1.00852
3675.81 0.941298
3676.78 0.971199
3677.74 1.03362
3678.7 1.04372
3679.67 1.01946
3680.63 1.0344
3681.6 1.05343
3682.56 1.03897
3683.53 1.02402
3684.49 1.0218
3685.45 1.02806
3686.42 1.02431
3687.38 1.00974
3688.35 0.932647
3689.31 0.94367
3690.28 0.995631
3691.24 0.973764
3692.2 0.98189
3693.17 1.00605
3694.13 1.0068
3695.1 1.01215
3696.06 1.01225
3697.03 1.00447
3697.99 1.01264
3698.95 1.02572
3699.92 1.02162
3700.88 0.999617
3701.85 0.965107
3702.81 0.974631
3703.78 1.00923
3704.74 1.02595
3705.7 1.02093
3706.67 1.02745
3707.63 1.03746
3708.6 1.01092
3709.56 0.977115
3710.53 1.00098
3711.49 0.98658
3712.45 0.921614
3713.42 0.972196
3714.38 1.0132
3715.35 1.02826
3716.31 1.06347
3717.28 1.07377
3718.24 1.05622
3719.2 1.04788
3720.17 1.07144
3721.13 1.08662
3722.1 1.06231
3723.06 1.06078
3724.03 1.11011
3724.99 1.14522
3725.95 1.15764
3726.92 1.18407
3727.88 1.23608
3728.85 1.28609
3729.81 1.34765
3730.78 1.39717
3731.74 1.39719
3732.7 1.43972
3733.67 1.53733
3734.63 1.55084
3735.6 1.55737
3736.56 1.56945
3737.53 1.58708
3738.49 1.61471
3739.45 1.62928
3740.42 1.61746
3741.38 1.57458
3742.35 1.56643
3743.31 1.53974
3744.28 1.38704
3745.24 1.30568
3746.2 1.39521
3747.17 1.41349
3748.13 1.40128
3749.1 1.3094
3750.06 1.23097
3751.03 1.26566
3751.99 1.19575
3752.95 1.15413
3753.92 1.20551
3754.88 1.21201
3755.85 1.17624
3756.81 1.12635
3757.78 1.12487
3758.74 1.12278
3759.7 1.06976
3760.67 1.05139
3761.63 1.07388
3762.6 1.0745
3763.56 1.05986
3764.53 1.05043
3765.49 1.03381
3766.45 1.01775
3767.42 1.02056
3768.38 1.00727
3769.35 0.971437
3770.31 0.931181
3771.28 0.959911
3772.24 0.995326
3773.2 0.995964
3774.17 0.973692
3775.13 0.965614
3776.1 0.965508
3777.06 0.95029
3778.03 0.936109
3778.99 0.924591
3779.95 0.899777
3780.92 0.90934
3781.88 0.920431
3782.85 0.921961
3783.81 0.916965
3784.78 0.89595
3785.74 0.888716
3786.7 0.900644
3787.67 0.893031
3788.63 0.884479
3789.6 0.877378
3790.56 0.879026
3791.53 0.876627
3792.49 0.866276
3793.45 0.867528
3794.42 0.876047
3795.38 0.872899
3796.35 0.840308
3797.31 0.828467
3798.28 0.854268
3799.24 0.8597
3800.2 0.860725
3801.17 0.807037
3802.13 0.779843
3803.1 0.823637
3804.06 0.854221
3805.03 0.864675
3805.99 0.850549
3806.95 0.793503
3807.92 0.812144
3808.88 0.858744
3809.85 0.861787
3810.81 0.85802
3811.78 0.855131
3812.74 0.865663
3813.7 0.871623
3814.67 0.87396
3815.63 0.814924
3816.6 0.759317
3817.56 0.815551
3818.53 0.846928
3819.49 0.832402
3820.45 0.786241
3821.42 0.751334
3822.38 0.783628
3823.35 0.831333
3824.31 0.846366
3825.28 0.858574
3826.24 0.867309
3827.2 0.859235
3828.17 0.867961
3829.13 0.888698
3830.1 0.899044
3831.06 0.874947
3832.03 0.839735
3832.99 0.866863
3833.95 0.876644
3834.92 0.836401
3835.88 0.858481
3836.85 0.893193
3837.81 0.82171
3838.78 0.822982
3839.74 0.85849
3840.7 0.837311
3841.67 0.847528
3842.63 0.881385
3843.6 0.868497
3844.56 0.880197
3845.53 0.906308
3846.49 0.900318
3847.45 0.893392
3848.42 0.906226
3849.38 0.904848
3850.35 0.91611
3851.31 0.898232
3852.28 0.834246
3853.24 0.830368
3854.2 0.750494
3855.17 0.827891
3856.13 0.919023
3857.1 0.915751
3858.06 0.908682
3859.02 0.920228
3859.99 0.934658
3860.95 0.930707
3861.92 0.899093
3862.88 0.898819
3863.85 0.907855
3864.81 0.884188
3865.77 0.887319
3866.74 0.916122
3867.7 0.933132
3868.67 0.930666
3869.63 0.855435
3870.6 0.827181
3871.56 0.890181
3872.52 0.933635
3873.49 0.925274
3874.45 0.890345
3875.42 0.915397
3876.38 0.937818
3877.35 0.941617
3878.31 0.951425
3879.27 0.951577
3880.24 0.901477
3881.2 0.908246
3882.17 0.944097
3883.13 0.930313
3884.1 0.942872
3885.06 0.944394
3886.02 0.883405
3886.99 0.911788
3887.95 0.940476
3888.92 0.932087
3889.88 0.932023
3890.84 0.899291
3891.81 0.88503
3892.77 0.937844
3893.74 0.948755
3894.7 0.944683
3895.67 0.950552
3896.63 0.953502
3897.59 0.96231
3898.56 0.936099
3899.52 0.888286
3900.49 0.918775
3901.45 0.925854
3902.42 0.909665
3903.38 0.918102
3904.34 0.881849
3905.31 0.895347
3906.27 0.921007
3907.24 0.936833
3908.2 0.960927
3909.17 0.963563
3910.13 0.94098
3911.09 0.933433
3912.06 0.937522
3913.02 0.94758
3913.99 0.950644
3914.95 0.952348
3915.92 0.949472
3916.88 0.924358
3917.84 0.912375
3918.81 0.93065
3919.77 0.920714
3920.74 0.912177
3921.7 0.928211
3922.67 0.947339
3923.63 0.948969
3924.59 0.92461
3925.56 0.919823
3926.52 0.934524
3927.49 0.928505
3928.45 0.937472
3929.42 0.949944
3930.38 0.935998
3931.34 0.929666
3932.31 0.924837
3933.27 0.930885
3934.24 0.939436
3935.2 0.940394
3936.17 0.94177
3937.13 0.93899
3938.09 0.932879
3939.06 0.928329
3940.02 0.929112
3940.99 0.940692
3941.95 0.941239
3942.92 0.933777
3943.88 0.943374
3944.84 0.947407
3945.81 0.947948
3946.77 0.941632
3947.74 0.923938
3948.7 0.914521
3949.67 0.918873
3950.63 0.933541
3951.59 0.942063
3952.56 0.934815
3953.52 0.931177
3954.49 0.949021
3955.45 0.956629
3956.42 0.938868
3957.38 0.926416
3958.34 0.926838
3959.31 0.935175
3960.27 0.940652
3961.24 0.937086
3962.2 0.928344
3963.17 0.932417
3964.13 0.940106
3965.09 0.950777
3966.06 0.939636
3967.02 0.930951
3967.99 0.937283
3968.95 0.927913
3969.92 0.914382
3970.88 0.916628
3971.84 0.921252
3972.81 0.932351
3973.77 0.958323
3974.74 0.959073
3975.7 0.945774
3976.67 0.940094
3977.63 0.93883
3978.59 0.936263
3979.56 0.936437
3980.52 0.936128
3981.49 0.931139
3982.45 0.933321
3983.42 0.937148
3984.38 0.928888
3985.34 0.920201
3986.31 0.921903
3987.27 0.942246
3988.24 0.946132
3989.2 0.922407
3990.17 0.913738
3991.13 0.924948
3992.09 0.929954
3993.06 0.933939
3994.02 0.935156
3994.99 0.926958
3995.95 0.921704
3996.92 0.919606
3997.88 0.926838
3998.84 0.931095
3999.81 0.935168
