599.778 3.47891
600.743 3.49333
601.707 3.4671
602.671 3.41397
603.636 3.40452
604.6 3.40414
605.564 3.37845
606.528 3.34274
607.493 3.30697
608.457 3.30235
609.421 3.33821
610.385 3.31392
611.35 3.26642
612.314 3.22902
613.278 3.27393
614.243 3.2891
615.207 3.30649
616.171 3.3123
617.135 3.31068
618.1 3.31615
619.064 3.36485
620.028 3.41919
620.992 3.42001
621.957 3.41679
622.921 3.49405
623.885 3.53042
624.85 3.4486
625.814 3.42562
626.778 3.52812
627.742 3.47904
628.707 3.3951
629.671 3.48822
630.635 3.55747
631.6 3.51464
632.564 3.54336
633.528 3.63303
634.492 3.66832
635.457 3.62844
636.421 3.60438
637.385 3.60579
638.349 3.61501
639.314 3.62223
640.278 3.63323
641.242 3.64696
642.207 3.67317
643.171 3.71063
644.135 3.7484
645.099 3.79963
646.064 3.88445
647.028 3.98425
647.992 4.13099
648.956 4.35028
649.921 4.70008
650.885 5.07115
651.849 5.02486
652.813 4.54005
653.778 4.4063
654.742 4.92718
655.706 5.38175
656.671 5.89387
657.635 7.0684
658.599 8.06595
659.563 8.16382
660.528 7.96081
661.492 7.85596
662.456 7.22048
663.42 6.16259
664.385 5.51322
665.349 5.27146
666.313 4.71149
667.278 4.036
668.242 3.82389
669.206 3.68371
670.17 3.1892
671.135 2.74949
672.099 2.78359
673.063 2.83923
674.028 2.59494
674.992 2.42672
675.956 2.47382
676.92 2.52183
677.885 2.46295
678.849 2.29635
679.813 2.2416
680.778 2.39262
681.742 2.37053
682.706 2.14311
683.67 2.13521
684.635 2.33308
685.599 2.29019
686.563 2.07377
687.527 2.10018
688.492 2.30389
689.456 2.2555
690.42 2.04841
691.385 2.07716
692.349 2.26271
693.313 2.21677
694.277 2.02806
695.242 2.05341
696.206 2.21846
697.17 2.18635
698.134 2.0286
699.099 2.05666
700.063 2.21759
701.027 2.18538
701.991 2.03768
702.956 2.06043
703.92 2.19545
704.884 2.15768
705.849 2.01984
706.813 2.04823
707.777 2.17678
708.741 2.14811
709.706 2.03207
710.67 2.05954
711.634 2.16591
712.598 2.14009
713.563 2.05748
714.527 2.08228
715.491 2.16108
716.456 2.13833
717.42 2.07325
718.384 2.09364
719.348 2.15709
720.313 2.14801
721.277 2.10451
722.241 2.13265
723.206 2.17417
724.17 2.14493
725.134 2.12111
726.098 2.15828
727.063 2.18857
728.027 2.1627
728.991 2.16002
729.955 2.20347
730.92 2.2138
731.884 2.17165
732.848 2.17718
733.812 2.24296
734.777 2.25034
735.741 2.19913
736.705 2.21419
737.67 2.29738
738.634 2.31
739.598 2.22407
740.562 2.21339
741.527 2.28929
742.491 2.28193
743.455 2.18022
744.42 2.17876
745.384 2.28827
746.348 2.29747
747.312 2.18602
748.277 2.1703
749.241 2.28716
750.205 2.313
751.169 2.19829
752.134 2.16965
753.098 2.29463
754.062 2.34285
755.027 2.22196
755.991 2.17038
756.955 2.29844
757.919 2.37282
758.884 2.25209
759.848 2.17254
760.812 2.29919
761.777 2.39944
762.741 2.28804
763.705 2.17888
764.669 2.29494
765.634 2.42614
766.598 2.32626
767.562 2.19534
768.526 2.29608
769.491 2.44346
770.455 2.35996
771.419 2.20466
772.384 2.28265
773.348 2.45506
774.312 2.40299
775.276 2.23298
776.241 2.27642
777.205 2.45425
778.169 2.43814
779.133 2.26834
780.098 2.28101
781.062 2.46371
782.026 2.47334
782.99 2.30727
783.955 2.29224
784.919 2.47033
785.883 2.51255
786.848 2.35619
787.812 2.30899
788.776 2.47536
789.74 2.55331
790.705 2.41974
791.669 2.35388
792.633 2.50869
793.597 2.61662
794.562 2.51448
795.526 2.42753
796.49 2.55756
797.455 2.67742
798.419 2.59122
799.383 2.48653
800.347 2.58125
801.312 2.70353
802.276 2.63798
803.24 2.5225
804.205 2.56874
805.169 2.672
806.133 2.62947
807.097 2.5122
808.062 2.52719
809.026 2.62204
809.99 2.60926
810.955 2.50865
811.919 2.49701
812.883 2.58202
813.847 2.58841
814.812 2.49536
815.776 2.46813
816.74 2.54543
817.704 2.57347
818.669 2.49705
819.633 2.4507
820.597 2.50502
821.562 2.5464
822.526 2.4965
823.49 2.45303
824.454 2.48372
825.419 2.52927
826.383 2.51181
827.347 2.46593
828.311 2.47263
829.276 2.51046
830.24 2.5128
831.204 2.47666
832.168 2.46599
833.133 2.5039
834.097 2.52179
835.061 2.49679
836.026 2.48392
836.99 2.51047
837.954 2.5251
838.918 2.50436
839.883 2.48555
840.847 2.50564
841.811 2.53266
842.775 2.52546
843.74 2.50861
844.704 2.52272
845.668 2.54776
846.633 2.54404
847.597 2.52254
848.561 2.52707
849.525 2.54844
850.49 2.55594
851.454 2.54533
852.418 2.5485
853.383 2.56549
854.347 2.57426
855.311 2.57391
856.275 2.57679
857.24 2.58457
858.204 2.58871
859.168 2.58191
860.132 2.5794
861.097 2.58245
862.061 2.58424
863.025 2.58458
863.99 2.59308
864.954 2.59722
865.918 2.60277
866.882 2.60633
867.847 2.60779
868.811 2.60446
869.775 2.59826
870.739 2.59851
871.704 2.60304
872.668 2.60376
873.632 2.59724
874.597 2.59863
875.561 2.61594
876.525 2.62131
877.489 2.61444
878.454 2.6125
879.418 2.62662
880.382 2.64033
881.346 2.63552
882.311 2.62436
883.275 2.62895
884.239 2.63803
885.204 2.63649
886.168 2.63525
887.132 2.64474
888.096 2.64992
889.061 2.64656
890.025 2.63993
890.989 2.64661
891.953 2.65595
892.918 2.65483
893.882 2.64865
894.846 2.65072
895.811 2.6638
896.775 2.66868
897.739 2.65756
898.703 2.65202
899.668 2.65813
900.632 2.66207
901.596 2.65561
902.561 2.65432
903.525 2.66252
904.489 2.66633
905.453 2.66073
906.418 2.66406
907.382 2.67685
908.346 2.68034
909.31 2.67574
910.275 2.67604
911.239 2.68222
912.203 2.68834
913.168 2.68906
914.132 2.69089
915.096 2.69644
916.06 2.70472
917.025 2.70681
917.989 2.70757
918.953 2.71529
919.917 2.72464
920.882 2.72805
921.846 2.73507
922.81 2.74318
923.774 2.74935
924.739 2.75464
925.703 2.75613
926.667 2.76201
927.632 2.77257
928.596 2.77924
929.56 2.78082
930.524 2.78777
931.489 2.80122
932.453 2.80855
933.417 2.81153
934.381 2.81896
935.346 2.83265
936.31 2.84139
937.274 2.84455
938.239 2.85462
939.203 2.87223
940.167 2.88528
941.131 2.88727
942.096 2.88906
943.06 2.90446
944.024 2.92029
944.989 2.9291
945.953 2.93631
946.917 2.94647
947.881 2.95939
948.846 2.96994
949.81 2.97926
950.774 2.99334
951.739 3.00806
952.703 3.0152
953.667 3.02037
954.631 3.03161
955.596 3.04856
956.56 3.06003
957.524 3.06199
958.488 3.07139
959.453 3.08974
960.417 3.10338
961.381 3.10677
962.346 3.11474
963.31 3.13276
964.274 3.14879
965.238 3.15443
966.203 3.15553
967.167 3.16896
968.131 3.18424
969.095 3.18968
970.06 3.19699
971.024 3.20705
971.988 3.21837
972.952 3.2233
973.917 3.22471
974.881 3.23415
975.845 3.2484
976.81 3.25425
977.774 3.25252
978.738 3.25594
979.702 3.26888
980.667 3.27954
981.631 3.28203
982.595 3.28163
983.559 3.2894
984.524 3.30546
985.488 3.31351
986.452 3.3157
987.417 3.32455
988.381 3.33255
989.345 3.33334
990.309 3.33542
991.274 3.34423
992.238 3.35363
993.202 3.35926
994.167 3.3642
995.131 3.36873
996.095 3.37401
997.059 3.38502
998.024 3.39334
998.988 3.39966
999.952 3.40589
1000.92 3.41036
1001.88 3.41902
1002.85 3.42919
1003.81 3.43695
1004.77 3.44451
1005.74 3.45199
1006.7 3.45939
1007.67 3.47106
1008.63 3.48193
1009.6 3.48691
1010.56 3.4949
1011.52 3.50531
1012.49 3.52145
1013.45 3.53303
1014.42 3.54088
1015.38 3.55078
1016.35 3.5639
1017.31 3.57315
1018.27 3.58123
1019.24 3.59164
1020.2 3.60361
1021.17 3.61299
1022.13 3.61623
1023.1 3.62198
1024.06 3.63822
1025.02 3.65036
1025.99 3.65882
1026.95 3.66915
1027.92 3.68063
1028.88 3.68804
1029.85 3.69224
1030.81 3.70246
1031.77 3.71383
1032.74 3.72363
1033.7 3.73184
1034.67 3.73744
1035.63 3.74407
1036.6 3.74807
1037.56 3.75743
1038.52 3.76419
1039.49 3.76745
1040.45 3.77233
1041.42 3.77901
1042.38 3.78307
1043.34 3.79084
1044.31 3.79604
1045.27 3.7999
1046.24 3.80004
1047.2 3.79872
1048.17 3.80547
1049.13 3.81545
1050.09 3.81541
1051.06 3.8114
1052.02 3.81177
1052.99 3.81633
1053.95 3.8212
1054.92 3.81983
1055.88 3.81997
1056.84 3.82207
1057.81 3.82244
1058.77 3.82054
1059.74 3.81975
1060.7 3.82267
1061.67 3.82234
1062.63 3.81762
1063.59 3.81576
1064.56 3.81458
1065.52 3.81281
1066.49 3.80779
1067.45 3.79869
1068.42 3.79749
1069.38 3.79838
1070.34 3.79838
1071.31 3.79356
1072.27 3.78684
1073.24 3.78652
1074.2 3.79079
1075.17 3.7916
1076.13 3.78676
1077.09 3.78603
1078.06 3.78679
1079.02 3.78155
1079.99 3.78281
1080.95 3.78656
1081.91 3.79154
1082.88 3.78927
1083.84 3.78513
1084.81 3.78746
1085.77 3.79302
1086.74 3.79575
1087.7 3.79263
1088.66 3.7939
1089.63 3.80029
1090.59 3.79989
1091.56 3.79587
1092.52 3.79282
1093.49 3.79737
1094.45 3.80932
1095.41 3.81889
1096.38 3.81186
1097.34 3.80423
1098.31 3.80959
1099.27 3.81613
1100.24 3.81595
1101.2 3.81625
1102.16 3.81885
1103.13 3.8226
1104.09 3.82578
1105.06 3.8253
1106.02 3.82937
1106.99 3.83658
1107.95 3.83634
1108.91 3.83773
1109.88 3.83718
1110.84 3.83941
1111.81 3.84379
1112.77 3.84384
1113.74 3.84105
1114.7 3.84193
1115.66 3.84876
1116.63 3.84952
1117.59 3.84931
1118.56 3.85442
1119.52 3.8565
1120.49 3.85587
1121.45 3.85224
1122.41 3.85187
1123.38 3.85727
1124.34 3.85875
1125.31 3.85308
1126.27 3.8522
1127.24 3.85521
1128.2 3.8538
1129.16 3.85081
1130.13 3.85
1131.09 3.85259
1132.06 3.85687
1133.02 3.85917
1133.99 3.85831
1134.95 3.8559
1135.91 3.85861
1136.88 3.86056
1137.84 3.85978
1138.81 3.85928
1139.77 3.86328
1140.74 3.86367
1141.7 3.85861
1142.66 3.85697
1143.63 3.85639
1144.59 3.85373
1145.56 3.85037
1146.52 3.84763
1147.49 3.84789
1148.45 3.84856
1149.41 3.84806
1150.38 3.84673
1151.34 3.84341
1152.31 3.84019
1153.27 3.84073
1154.24 3.84199
1155.2 3.84111
1156.16 3.83606
1157.13 3.83159
1158.09 3.82824
1159.06 3.82453
1160.02 3.82238
1160.99 3.81959
1161.95 3.81456
1162.91 3.81368
1163.88 3.81075
1164.84 3.80728
1165.81 3.80271
1166.77 3.79874
1167.74 3.79981
1168.7 3.79836
1169.66 3.79524
1170.63 3.79266
1171.59 3.79135
1172.56 3.7906
1173.52 3.78499
1174.49 3.78183
1175.45 3.78087
1176.41 3.78042
1177.38 3.77835
1178.34 3.77687
1179.31 3.77585
1180.27 3.7741
1181.24 3.77341
1182.2 3.7701
1183.16 3.76923
1184.13 3.77218
1185.09 3.77445
1186.06 3.77555
1187.02 3.77485
1187.99 3.7764
1188.95 3.775
1189.91 3.77576
1190.88 3.77843
1191.84 3.7792
1192.81 3.78011
1193.77 3.78147
1194.73 3.78465
1195.7 3.78638
1196.66 3.78872
1197.63 3.79231
1198.59 3.79458
1199.56 3.79552
1200.52 3.79826
1201.48 3.80364
1202.45 3.8042
1203.41 3.80919
1204.38 3.8168
1205.34 3.81973
1206.31 3.82479
1207.27 3.82918
1208.23 3.83338
1209.2 3.83888
1210.16 3.8472
1211.13 3.85295
1212.09 3.85923
1213.06 3.86963
1214.02 3.8748
1214.98 3.88107
1215.95 3.88751
1216.91 3.89455
1217.88 3.9029
1218.84 3.91369
1219.81 3.92055
1220.77 3.92554
1221.73 3.93517
1222.7 3.94391
1223.66 3.94948
1224.63 3.95738
1225.59 3.96929
1226.56 3.98124
1227.52 3.98856
1228.48 3.99632
1229.45 4.00574
1230.41 4.01684
1231.38 4.02731
1232.34 4.03557
1233.31 4.04688
1234.27 4.06024
1235.23 4.07183
1236.2 4.08069
1237.16 4.0884
1238.13 4.09902
1239.09 4.11026
1240.06 4.11975
1241.02 4.12398
1241.98 4.13109
1242.95 4.14086
1243.91 4.15019
1244.88 4.15488
1245.84 4.15853
1246.81 4.16697
1247.77 4.1731
1248.73 4.17547
1249.7 4.18069
1250.66 4.18749
1251.63 4.19194
1252.59 4.19658
1253.56 4.201
1254.52 4.20357
1255.48 4.20895
1256.45 4.21287
1257.41 4.2161
1258.38 4.21968
1259.34 4.22282
1260.31 4.23168
1261.27 4.24143
1262.23 4.24626
1263.2 4.25128
1264.16 4.25692
1265.13 4.26162
1266.09 4.2652
1267.06 4.27049
1268.02 4.27378
1268.98 4.27806
1269.95 4.28029
1270.91 4.28206
1271.88 4.28654
1272.84 4.29306
1273.81 4.29867
1274.77 4.30087
1275.73 4.30295
1276.7 4.30661
1277.66 4.30997
1278.63 4.31463
1279.59 4.31823
1280.56 4.32111
1281.52 4.32421
1282.48 4.33073
1283.45 4.33533
1284.41 4.33843
1285.38 4.34148
1286.34 4.34505
1287.31 4.35016
1288.27 4.35471
1289.23 4.35665
1290.2 4.35844
1291.16 4.36188
1292.13 4.36743
1293.09 4.36888
1294.06 4.37002
1295.02 4.36879
1295.98 4.36891
1296.95 4.37009
1297.91 4.37077
1298.88 4.37269
1299.84 4.37351
1300.81 4.3743
1301.77 4.37437
1302.73 4.37203
1303.7 4.37202
1304.66 4.37282
1305.63 4.37398
1306.59 4.37316
1307.56 4.37248
1308.52 4.37132
1309.48 4.36971
1310.45 4.36769
1311.41 4.36363
1312.38 4.36071
1313.34 4.36259
1314.31 4.36232
1315.27 4.35865
1316.23 4.35388
1317.2 4.35355
1318.16 4.3468
1319.13 4.3473
1320.09 4.34913
1321.06 4.34643
1322.02 4.34392
1322.98 4.34345
1323.95 4.34147
1324.91 4.33913
1325.88 4.33605
1326.84 4.33493
1327.81 4.33787
1328.77 4.34403
1329.73 4.34916
1330.7 4.35626
1331.66 4.36068
1332.63 4.35755
1333.59 4.34488
1334.56 4.32946
1335.52 4.31026
1336.48 4.29765
1337.45 4.28259
1338.41 4.26871
1339.38 4.2627
1340.34 4.25861
1341.31 4.25107
1342.27 4.23367
1343.23 4.22481
1344.2 4.21732
1345.16 4.20822
1346.13 4.19667
1347.09 4.18723
1348.06 4.17958
1349.02 4.17433
1349.98 4.1702
1350.95 4.15992
1351.91 4.15035
1352.88 4.14565
1353.84 4.13695
1354.81 4.13303
1355.77 4.12927
1356.73 4.11777
1357.7 4.10695
1358.66 4.09716
1359.63 4.07945
1360.59 4.06646
1361.56 4.06234
1362.52 4.04592
1363.48 4.06398
1364.45 4.05367
1365.41 4.02905
1366.38 4.01875
1367.34 4.00534
1368.31 4.00322
1369.27 4.00584
1370.23 3.9939
1371.2 3.98028
1372.16 3.96247
1373.13 3.94736
1374.09 3.95971
1375.06 3.96441
1376.02 3.95309
1376.98 3.93699
1377.95 3.92954
1378.91 3.92343
1379.88 3.91543
1380.84 3.90405
1381.81 3.89424
1382.77 3.88699
1383.73 3.88063
1384.7 3.87365
1385.66 3.85362
1386.63 3.82851
1387.59 3.86309
1388.56 3.87375
1389.52 3.83242
1390.48 3.81583
1391.45 3.8089
1392.41 3.799
1393.38 3.76481
1394.34 3.78242
1395.3 3.81762
1396.27 3.79135
1397.23 3.75796
1398.2 3.73106
1399.16 3.75266
1400.13 3.76475
1401.09 3.72559
1402.05 3.70671
1403.02 3.69114
1403.98 3.67326
1404.95 3.69182
1405.91 3.70122
1406.88 3.6636
1407.84 3.64276
1408.8 3.62249
1409.77 3.61043
1410.73 3.5961
1411.7 3.59013
1412.66 3.57737
1413.63 3.56323
1414.59 3.54499
1415.55 3.5317
1416.52 3.51739
1417.48 3.50281
1418.45 3.44878
1419.41 3.52772
1420.38 3.57114
1421.34 3.48691
1422.3 3.45186
1423.27 3.43899
1424.23 3.46082
1425.2 3.45437
1426.16 3.43529
1427.12 3.42502
1428.09 3.41335
1429.05 3.39647
1430.02 3.41764
1430.98 3.42468
1431.95 3.39441
1432.91 3.38588
1433.88 3.38045
1434.84 3.33981
1435.8 3.26738
1436.77 3.35968
1437.73 3.4102
1438.7 3.32528
1439.66 3.29201
1440.62 3.26354
1441.59 3.24098
1442.55 3.22274
1443.52 3.21111
1444.48 3.19414
1445.45 3.17998
1446.41 3.14846
1447.38 3.13761
1448.34 3.17256
1449.3 3.15852
1450.27 3.12264
1451.23 3.11027
1452.2 3.10947
1453.16 3.10546
1454.12 3.07651
1455.09 3.02772
1456.05 2.96962
1457.02 3.12722
1457.98 3.16709
1458.95 3.11682
1459.91 3.09445
1460.88 3.06235
1461.84 3.04676
1462.8 3.03242
1463.77 2.99439
1464.73 3.03305
1465.7 3.09596
1466.66 3.049
1467.62 3.03045
1468.59 3.02559
1469.55 3.02005
1470.52 2.97315
1471.48 2.95167
1472.45 3.01108
1473.41 3.05983
1474.38 3.05726
1475.34 2.97923
1476.3 3.00704
1477.27 3.03249
1478.23 2.9956
1479.2 2.98344
1480.16 2.97385
1481.12 2.98119
1482.09 2.98751
1483.05 2.97716
1484.02 2.96843
1484.98 2.96453
1485.95 2.9447
1486.91 2.95007
1487.88 2.97821
1488.84 2.93946
1489.8 2.9416
1490.77 3.0003
1491.73 2.99467
1492.7 2.95226
1493.66 2.93641
1494.62 2.89744
1495.59 2.86878
1496.55 2.9879
1497.52 2.95518
1498.48 2.91042
1499.45 2.97004
1500.41 2.9331
1501.38 2.91263
1502.34 2.91371
1503.3 2.89793
1504.27 2.82143
1505.23 2.78598
1506.2 2.87477
1507.16 2.98531
1508.12 2.98496
1509.09 2.92249
1510.05 2.91337
1511.02 2.86893
1511.98 2.86508
1512.95 2.90224
1513.91 2.86218
1514.88 2.84208
1515.84 2.82613
1516.8 2.83811
1517.77 2.91461
1518.73 2.85761
1519.7 2.76097
1520.66 2.77451
1521.62 2.89758
1522.59 2.91273
1523.55 2.8672
1524.52 2.78783
1525.48 2.83356
1526.45 2.85461
1527.41 2.81921
1528.37 2.82791
1529.34 2.82711
1530.3 2.80165
1531.27 2.78705
1532.23 2.75934
1533.2 2.76267
1534.16 2.85688
1535.12 2.83287
1536.09 2.78399
1537.05 2.7405
1538.02 2.65227
1538.98 2.70653
1539.95 2.88949
1540.91 2.85847
1541.87 2.84065
1542.84 2.91485
1543.8 2.8415
1544.77 2.83295
1545.73 2.91171
1546.7 2.88684
1547.66 2.85037
1548.62 2.83455
1549.59 2.84293
1550.55 2.89482
1551.52 2.87877
1552.48 2.83984
1553.44 2.79059
1554.41 2.89715
1555.37 2.93574
1556.34 2.81029
1557.3 2.73507
1558.27 2.85891
1559.23 2.92927
1560.19 3.03497
1561.16 3.04688
1562.12 2.93172
1563.09 2.90217
1564.05 2.89096
1565.02 2.93272
1565.98 2.94778
1566.94 2.93276
1567.91 2.90433
1568.87 2.89251
1569.84 3.00291
1570.8 3.04085
1571.77 2.98571
1572.73 2.98425
1573.69 2.98489
1574.66 2.92933
1575.62 2.91091
1576.59 3.14064
1577.55 3.12309
1578.52 3.0545
1579.48 3.05284
1580.44 3.06495
1581.41 3.07258
1582.37 3.08335
1583.34 3.09304
1584.3 3.10765
1585.27 3.11736
1586.23 3.12874
1587.19 3.13588
1588.16 3.14998
1589.12 3.16171
1590.09 3.17639
1591.05 3.18625
1592.02 3.19506
1592.98 3.19756
1593.94 3.20919
1594.91 3.22724
1595.87 3.23843
1596.84 3.24856
1597.8 3.26232
1598.77 3.27215
1599.73 3.28696
1600.69 3.29808
1601.66 3.31081
1602.62 3.32115
1603.59 3.34092
1604.55 3.35154
1605.52 3.35616
1606.48 3.36606
1607.44 3.387
1608.41 3.39358
1609.37 3.41195
1610.34 3.43133
1611.3 3.43895
1612.27 3.45107
1613.23 3.46449
1614.19 3.4659
1615.16 3.4109
1616.12 3.39285
1617.09 3.61822
1618.05 3.61537
1619.02 3.54351
1619.98 3.54669
1620.94 3.55198
1621.91 3.53556
1622.87 3.5377
1623.84 3.64487
1624.8 3.65486
1625.77 3.61407
1626.73 3.59696
1627.69 3.63656
1628.66 3.68415
1629.62 3.66959
1630.59 3.67098
1631.55 3.6789
1632.52 3.68541
1633.48 3.65594
1634.44 3.58782
1635.41 3.7337
1636.37 3.86299
1637.34 3.78704
1638.3 3.79457
1639.27 3.77643
1640.23 3.78156
1641.19 3.78683
1642.16 3.79614
1643.12 3.80253
1644.09 3.78876
1645.05 3.72995
1646.02 3.83211
1646.98 3.90657
1647.94 3.90704
1648.91 3.92413
1649.87 3.88958
1650.84 3.81014
1651.8 3.67933
1652.77 3.85832
1653.73 4.13598
1654.69 4.08161
1655.66 4.00244
1656.62 3.95221
1657.59 3.95807
1658.55 3.96112
1659.52 3.96756
1660.48 3.96393
1661.44 3.94545
1662.41 3.96704
1663.37 4.06719
1664.34 4.04042
1665.3 4.02159
1666.27 4.01996
1667.23 4.01085
1668.19 3.96712
1669.16 4.0512
1670.12 4.12188
1671.09 4.08041
1672.05 4.11078
1673.02 4.09531
1673.98 4.01136
1674.94 4.04787
1675.91 4.21239
1676.87 4.16757
1677.84 4.1213
1678.8 4.11417
1679.77 4.12347
1680.73 4.16272
1681.69 4.12847
1682.66 4.07432
1683.62 4.0681
1684.59 4.23831
1685.55 4.38083
1686.52 4.25888
1687.48 4.19775
1688.44 4.21767
1689.41 4.23089
1690.37 4.25115
1691.34 4.25926
1692.3 4.2551
1693.27 4.25647
1694.23 4.18707
1695.19 4.14239
1696.16 4.41238
1697.12 4.41833
1698.09 4.28872
1699.05 4.15124
1700.02 4.25015
1700.98 4.57108
1701.94 4.45578
1702.91 4.34083
1703.87 4.32901
1704.84 4.37126
1705.8 4.36764
1706.77 4.41644
1707.73 4.41932
1708.69 4.38654
1709.66 4.38641
1710.62 4.41041
1711.59 4.41312
1712.55 4.39732
1713.52 4.37856
1714.48 4.39308
1715.44 4.44542
1716.41 4.36459
1717.37 4.39529
1718.34 4.54486
1719.3 4.53008
1720.27 4.46993
1721.23 4.43991
1722.19 4.43789
1723.16 4.438
1724.12 4.45545
1725.09 4.44739
1726.05 4.44584
1727.02 4.44445
1727.98 4.43751
1728.94 4.41515
1729.91 4.44331
1730.87 4.46584
1731.84 4.40139
1732.8 4.32532
1733.77 4.39841
1734.73 4.58226
1735.69 4.55375
1736.66 4.44814
1737.62 4.42686
1738.59 4.37722
1739.55 4.40688
1740.52 4.49295
1741.48 4.44002
1742.44 4.39689
1743.41 4.42396
1744.37 4.42814
1745.34 4.40537
1746.3 4.39025
1747.27 4.38769
1748.23 4.39225
1749.19 4.4125
1750.16 4.34821
1751.12 4.38818
1752.09 4.48227
1753.05 4.41944
1754.01 4.39158
1754.98 4.3735
1755.94 4.35286
1756.91 4.4016
1757.87 4.42684
1758.84 4.39627
1759.8 4.38222
1760.76 4.33653
1761.73 4.39594
1762.69 4.45716
1763.66 4.41336
1764.62 4.39785
1765.59 4.40178
1766.55 4.38093
1767.51 4.37268
1768.48 4.45935
1769.44 4.45223
1770.41 4.3885
1771.37 4.38562
1772.34 4.45144
1773.3 4.57016
1774.26 4.51259
1775.23 4.48537
1776.19 4.52331
1777.16 4.53266
1778.12 4.5296
1779.09 4.53177
1780.05 4.5358
1781.01 4.57749
1781.98 4.58287
1782.94 4.57244
1783.91 4.55907
1784.87 4.59601
1785.84 4.63145
1786.8 4.62284
1787.76 4.62502
1788.73 4.63391
1789.69 4.62467
1790.66 4.63438
1791.62 4.63469
1792.59 4.70605
1793.55 4.78196
1794.51 4.72821
1795.48 4.72781
1796.44 4.75554
1797.41 4.76852
1798.37 4.75881
1799.34 4.79019
1800.3 4.83306
1801.26 4.83806
1802.23 4.86523
1803.19 4.89521
1804.16 4.90505
1805.12 4.92604
1806.09 4.94827
1807.05 4.97031
1808.01 5.00291
1808.98 5.02484
1809.94 5.04834
1810.91 5.11102
1811.87 5.1542
1812.84 5.18775
1813.8 5.23214
1814.76 5.29146
1815.73 5.37052
1816.69 5.4567
1817.66 5.53748
1818.62 5.58585
1819.59 5.61739
1820.55 5.64823
1821.51 5.66954
1822.48 5.68897
1823.44 5.69746
1824.41 5.69898
1825.37 5.77686
1826.34 5.82382
1827.3 5.81123
1828.26 5.80898
1829.23 5.82711
1830.19 5.92228
1831.16 5.96286
1832.12 5.95058
1833.09 5.97263
1834.05 6.00597
1835.01 6.03521
1835.98 6.06248
1836.94 6.09679
1837.91 6.1344
1838.87 6.15918
1839.84 6.18727
1840.8 6.21414
1841.76 6.24202
1842.73 6.23309
1843.69 6.25367
1844.66 6.41499
1845.62 6.42631
1846.59 6.39613
1847.55 6.4282
1848.51 6.46969
1849.48 6.4939
1850.44 6.52053
1851.41 6.54851
1852.37 6.5746
1853.34 6.60075
1854.3 6.62841
1855.26 6.65603
1856.23 6.68382
1857.19 6.70896
1858.16 6.73967
1859.12 6.77238
1860.09 6.79381
1861.05 6.8175
1862.01 6.84567
1862.98 6.87028
1863.94 6.89761
1864.91 6.92295
1865.87 6.94803
1866.83 6.97309
1867.8 6.99284
1868.76 7.02739
1869.73 7.10471
1870.69 7.12457
1871.66 7.1266
1872.62 7.15311
1873.58 7.18128
1874.55 7.21076
1875.51 7.23856
1876.48 7.27135
1877.44 7.29987
1878.41 7.32536
1879.37 7.35419
1880.33 7.38739
1881.3 7.4186
1882.26 7.45149
1883.23 7.48242
1884.19 7.51294
1885.16 7.54805
1886.12 7.58071
1887.08 7.61001
1888.05 7.63047
1889.01 7.66279
1889.98 7.73447
1890.94 7.76069
1891.91 7.77612
1892.87 7.80829
1893.83 7.83777
1894.8 7.87497
1895.76 7.92016
1896.73 7.94703
1897.69 7.97646
1898.66 8.00964
1899.62 8.04593
1900.58 8.08266
1901.55 8.11711
1902.51 8.15209
1903.48 8.18518
1904.44 8.22054
1905.4 8.25776
1906.37 8.29313
1907.33 8.32996
1908.3 8.36836
1909.26 8.40052
1910.23 8.44518
1911.19 8.48387
1912.15 8.51625
1913.12 8.55307
1914.08 8.59152
1915.05 8.6297
1916.01 8.6601
1916.98 8.67437
1917.94 8.7446
1918.9 8.81656
1919.87 8.82212
1920.83 8.8524
1921.8 8.89533
1922.76 8.96699
1923.73 9.0405
1924.69 9.09295
1925.65 9.15133
1926.62 9.22025
1927.58 9.28175
1928.55 9.34579
1929.51 9.40835
1930.48 9.47105
1931.44 9.52842
1932.4 9.59005
1933.37 9.65588
1934.33 9.72293
1935.3 9.7865
1936.26 9.85157
1937.23 9.91465
1938.19 9.98212
1939.15 10.0434
1940.12 10.1043
1941.08 10.1557
1942.05 10.228
1943.01 10.3314
1943.98 10.3878
1944.94 10.435
1945.9 10.508
1946.87 10.5764
1947.83 10.6405
1948.8 10.7036
1949.76 10.7773
1950.73 10.8507
1951.69 10.9214
1952.65 10.9915
1953.62 11.064
1954.58 11.1389
1955.55 11.2317
1956.51 11.3344
1957.48 11.4408
1958.44 11.573
1959.4 11.7275
1960.37 11.8151
1961.33 11.8784
1962.3 11.944
1963.26 12.016
1964.23 12.0797
1965.19 12.1425
1966.15 12.2047
1967.12 12.2815
1968.08 12.358
1969.05 12.4221
1970.01 12.4868
1970.98 12.5536
1971.94 12.6176
1972.9 12.6871
1973.87 12.75
1974.83 12.8141
1975.8 12.8659
1976.76 12.8966
1977.73 12.8494
1978.69 12.6957
1979.65 12.5105
1980.62 12.3724
1981.58 12.2649
1982.55 12.1835
1983.51 12.1161
1984.48 12.0629
1985.44 12.0152
1986.4 11.9753
1987.37 11.941
1988.33 11.9221
1989.3 11.8984
1990.26 11.8725
1991.23 11.8526
1992.19 11.8655
1993.15 11.8637
1994.12 11.8554
1995.08 11.8558
1996.05 11.8626
1997.01 11.8766
1997.98 11.9022
1998.94 11.9338
1999.9 11.982
2000.87 12.038
2001.83 12.1084
2002.8 12.1867
2003.76 12.2842
2004.73 12.3991
2005.69 12.5233
2006.65 12.6123
2007.62 12.6457
2008.58 12.6438
2009.55 12.6429
2010.51 12.6464
2011.48 12.6596
2012.44 12.6715
2013.4 12.6923
2014.37 12.7096
2015.33 12.7242
2016.3 12.7406
2017.26 12.7686
2018.22 12.7812
2019.19 12.7966
2020.15 12.8089
2021.12 12.8217
2022.08 12.8367
2023.05 12.8566
2024.01 12.8678
2024.97 12.8797
2025.94 12.8849
2026.9 12.8903
2027.87 12.8889
2028.83 12.8931
2029.8 12.8953
2030.76 12.8932
2031.72 12.8835
2032.69 12.8697
2033.65 12.8355
2034.62 12.7736
2035.58 12.681
2036.55 12.5809
2037.51 12.4822
2038.47 12.3964
2039.44 12.3141
2040.4 12.2375
2041.37 12.1653
2042.33 12.1015
2043.3 12.0357
2044.26 11.9734
2045.22 11.9035
2046.19 11.8336
2047.15 11.7556
2048.12 11.6628
2049.08 11.5178
2050.05 11.2975
2051.01 11.0759
2051.97 10.9622
2052.94 10.9205
2053.9 10.8667
2054.87 10.7857
2055.83 10.7123
2056.8 10.6504
2057.76 10.6037
2058.72 10.5624
2059.69 10.5253
2060.65 10.488
2061.62 10.4487
2062.58 10.4079
2063.55 10.3714
2064.51 10.3356
2065.47 10.3021
2066.44 10.2607
2067.4 10.2186
2068.37 10.1762
2069.33 10.1372
2070.3 10.0937
2071.26 10.0478
2072.22 9.99886
2073.19 9.95362
2074.15 9.90766
2075.12 9.86105
2076.08 9.81072
2077.05 9.7626
2078.01 9.71298
2078.97 9.66583
2079.94 9.6178
2080.9 9.57338
2081.87 9.52976
2082.83 9.4917
2083.8 9.45553
2084.76 9.42408
2085.72 9.39605
2086.69 9.37627
2087.65 9.36013
2088.62 9.34929
2089.58 9.34484
2090.55 9.35137
2091.51 9.36263
2092.47 9.38964
2093.44 9.42969
2094.4 9.46526
2095.37 9.47827
2096.33 9.47436
2097.3 9.45866
2098.26 9.44061
2099.22 9.42358
2100.19 9.40983
2101.15 9.38937
2102.12 9.36917
2103.08 9.35124
2104.05 9.33816
2105.01 9.32528
2105.97 9.31092
2106.94 9.29446
2107.9 9.28172
2108.87 9.26612
2109.83 9.24982
2110.8 9.23294
2111.76 9.21599
2112.72 9.19548
2113.69 9.1785
2114.65 9.17034
2115.62 9.17237
2116.58 9.17805
2117.55 9.1917
2118.51 9.21207
2119.47 9.24169
2120.44 9.27101
2121.4 9.3071
2122.37 9.3545
2123.33 9.40911
2124.3 9.46511
2125.26 9.53283
2126.22 9.60471
2127.19 9.68582
2128.15 9.77723
2129.12 9.88296
2130.08 10.0001
2131.05 10.1335
2132.01 10.2831
2132.97 10.4372
2133.94 10.572
2134.9 10.6888
2135.87 10.7871
2136.83 10.8752
2137.8 10.96
2138.76 11.0504
2139.72 11.1415
2140.69 11.2385
2141.65 11.3348
2142.62 11.4369
2143.58 11.5353
2144.55 11.6356
2145.51 11.7384
2146.47 11.8443
2147.44 11.9381
2148.4 12.0293
2149.37 12.1194
2150.33 12.2238
2151.3 12.3356
2152.26 12.4668
2153.22 12.6183
2154.19 12.7946
2155.15 12.9877
2156.12 13.2106
2157.08 13.4479
2158.05 13.6217
2159.01 13.6118
2159.97 13.4722
2160.94 13.3043
2161.9 13.1625
2162.87 13.0345
2163.83 12.9193
2164.8 12.8001
2165.76 12.6857
2166.72 12.574
2167.69 12.4818
2168.65 12.402
2169.62 12.3396
2170.58 12.2929
2171.55 12.2688
2172.51 12.2534
2173.47 12.2574
2174.44 12.2597
2175.4 12.2436
2176.37 12.2079
2177.33 12.1758
2178.3 12.1502
2179.26 12.1453
2180.22 12.1455
2181.19 12.136
2182.15 12.0994
2183.12 12.0478
2184.08 11.9876
2185.05 11.9307
2186.01 11.8717
2186.97 11.8174
2187.94 11.7607
2188.9 11.7101
2189.87 11.661
2190.83 11.6153
2191.8 11.5686
2192.76 11.5274
2193.72 11.4818
2194.69 11.4412
2195.65 11.4009
2196.62 11.3615
2197.58 11.3238
2198.55 11.2904
2199.51 11.255
2200.47 11.2256
2201.44 11.1931
2202.4 11.1646
2203.37 11.1325
2204.33 11.0984
2205.3 11.0662
2206.26 11.0395
2207.22 11.0087
2208.19 10.9784
2209.15 10.9485
2210.12 10.9223
2211.08 10.8949
2212.04 10.8688
2213.01 10.8362
2213.97 10.8053
2214.94 10.7747
2215.9 10.7468
2216.87 10.7155
2217.83 10.6817
2218.79 10.6463
2219.76 10.6153
2220.72 10.5846
2221.69 10.5535
2222.65 10.5168
2223.62 10.4799
2224.58 10.443
2225.54 10.4102
2226.51 10.3741
2227.47 10.3339
2228.44 10.2945
2229.4 10.2585
2230.37 10.2188
2231.33 10.1812
2232.29 10.1403
2233.26 10.0956
2234.22 10.0506
2235.19 10.0134
2236.15 9.9768
2237.12 9.93656
2238.08 9.89415
2239.04 9.85287
2240.01 9.80872
2240.97 9.76818
2241.94 9.7304
2242.9 9.69151
2243.86 9.65464
2244.83 9.61936
2245.79 9.57966
2246.76 9.53795
2247.72 9.5058
2248.69 9.47636
2249.65 9.44334
2250.61 9.40996
2251.58 9.38323
2252.54 9.35907
2253.51 9.33193
2254.47 9.29718
2255.44 9.2538
2256.4 9.20116
2257.36 9.14795
2258.33 9.10059
2259.29 9.05438
2260.26 9.01136
2261.22 8.97789
2262.19 8.94121
2263.15 8.89894
2264.11 8.85633
2265.08 8.8149
2266.04 8.76826
2267.01 8.71764
2267.97 8.66659
2268.94 8.61699
2269.9 8.56325
2270.86 8.50977
2271.83 8.45505
2272.79 8.40157
2273.76 8.34458
2274.72 8.28885
2275.69 8.22739
2276.65 8.16456
2277.61 8.10288
2278.58 8.04234
2279.54 7.97185
2280.51 7.903
2281.47 7.83169
2282.44 7.75549
2283.4 7.67033
2284.36 7.58728
2285.33 7.50275
2286.29 7.42631
2287.26 7.34947
2288.22 7.27655
2289.19 7.20159
2290.15 7.12845
2291.11 7.05412
2292.08 6.9948
2293.04 6.93491
2294.01 6.89448
2294.97 6.85576
2295.94 6.84221
2296.9 6.83776
2297.86 6.84914
2298.83 6.84738
2299.79 6.8075
2300.76 6.72735
2301.72 6.62755
2302.69 6.53007
2303.65 6.44294
2304.61 6.35908
2305.58 6.29339
2306.54 6.21644
2307.51 6.17146
2308.47 6.09829
2309.44 6.06692
2310.4 5.9882
2311.36 5.96133
2312.33 5.88302
2313.29 5.85576
2314.26 5.77788
2315.22 5.74558
2316.19 5.6669
2317.15 5.62491
2318.11 5.54819
2319.08 5.49407
2320.04 5.41519
2321.01 5.34556
2321.97 5.25019
2322.94 5.14107
2323.9 5.01974
2324.86 4.93683
2325.83 4.90725
2326.79 4.90286
2327.76 4.92498
2328.72 4.95522
2329.69 5.00438
2330.65 5.05049
2331.61 5.11284
2332.58 5.17099
2333.54 5.2506
2334.51 5.33152
2335.47 5.43712
2336.44 5.55074
2337.4 5.68375
2338.36 5.8126
2339.33 5.96954
2340.29 6.12973
2341.26 6.30447
2342.22 6.47829
2343.19 6.66791
2344.15 6.86965
2345.11 7.09095
2346.08 7.31597
2347.04 7.5554
2348.01 7.79537
2348.97 8.02372
2349.94 8.2752
2350.9 8.58523
2351.86 8.92012
2352.83 9.2688
2353.79 9.62569
2354.76 10.0174
2355.72 10.4328
2356.69 10.8801
2357.65 11.3778
2358.61 11.9676
2359.58 12.6579
2360.54 13.4837
2361.51 14.4817
2362.47 15.6622
2363.44 17.027
2364.4 18.5359
2365.36 20.0928
2366.33 21.5392
2367.29 22.7187
2368.26 23.4748
2369.22 23.7545
2370.19 23.5194
2371.15 22.8756
2372.11 21.9557
2373.08 20.8888
2374.04 19.762
2375.01 18.6457
2375.97 17.5744
2376.93 16.5875
2377.9 15.6854
2378.86 14.8664
2379.83 14.1393
2380.79 13.489
2381.76 12.9201
2382.72 12.4162
2383.68 11.967
2384.65 11.5642
2385.61 11.213
2386.58 10.8928
2387.54 10.6069
2388.51 10.3515
2389.47 10.1342
2390.43 9.9388
2391.4 9.77034
2392.36 9.6281
2393.33 9.5145
2394.29 9.41818
2395.26 9.34387
2396.22 9.27999
2397.18 9.23385
2398.15 9.19806
2399.11 9.1727
2400.08 9.14787
2401.04 9.13806
2402.01 9.13468
2402.97 9.13525
2403.93 9.13132
2404.9 9.13514
2405.86 9.14123
2406.83 9.14927
2407.79 9.14074
2408.76 9.13471
2409.72 9.1289
2410.68 9.12643
2411.65 9.11976
2412.61 9.11357
2413.58 9.10149
2414.54 9.0919
2415.51 9.07548
2416.47 9.06128
2417.43 9.0434
2418.4 9.02443
2419.36 8.99714
2420.33 8.97237
2421.29 8.94489
2422.26 8.91808
2423.22 8.88503
2424.18 8.85117
2425.15 8.81513
2426.11 8.78343
2427.08 8.74448
2428.04 8.70263
2429.01 8.65659
2429.97 8.61392
2430.93 8.56815
2431.9 8.52597
2432.86 8.47882
2433.83 8.43242
2434.79 8.38356
2435.76 8.33487
2436.72 8.2791
2437.68 8.22789
2438.65 8.176
2439.61 8.12451
2440.58 8.06602
2441.54 8.011
2442.51 7.95159
2443.47 7.89602
2444.43 7.84158
2445.4 7.78896
2446.36 7.7293
2447.33 7.6726
2448.29 7.61762
2449.26 7.56258
2450.22 7.50177
2451.18 7.4438
2452.15 7.3874
2453.11 7.33565
2454.08 7.28162
2455.04 7.22842
2456.01 7.17338
2456.97 7.12519
2457.93 7.07924
2458.9 7.03764
2459.86 6.99504
2460.83 6.95851
2461.79 6.92311
2462.76 6.89244
2463.72 6.86121
2464.68 6.83662
2465.65 6.81604
2466.61 6.79741
2467.58 6.77657
2468.54 6.76017
2469.51 6.74813
2470.47 6.74184
2471.43 6.72966
2472.4 6.71904
2473.36 6.71148
2474.33 6.71009
2475.29 6.70683
2476.26 6.70648
2477.22 6.70396
2478.18 6.70199
2479.15 6.69821
2480.11 6.69694
2481.08 6.69568
2482.04 6.69898
2483.01 6.69893
2483.97 6.69874
2484.93 6.69754
2485.9 6.70044
2486.86 6.69862
2487.83 6.698
2488.79 6.69795
2489.76 6.69775
2490.72 6.69564
2491.68 6.69723
2492.65 6.69751
2493.61 6.69949
2494.58 6.70086
2495.54 6.70286
2496.51 6.70048
2497.47 6.69939
2498.43 6.69791
2499.4 6.70001
2500.36 6.69937
2501.33 6.7023
2502.29 6.70409
2503.26 6.70371
2504.22 6.70189
2505.18 6.70248
2506.15 6.70034
2507.11 6.70056
2508.08 6.69952
2509.04 6.6987
2510.01 6.69665
2510.97 6.70129
2511.93 6.7016
2512.9 6.69641
2513.86 6.69221
2514.83 6.69369
2515.79 6.69117
2516.76 6.68967
2517.72 6.68851
2518.68 6.689
2519.65 6.68748
2520.61 6.68781
2521.58 6.68335
2522.54 6.67959
2523.51 6.67675
2524.47 6.67594
2525.43 6.67288
2526.4 6.67093
2527.36 6.66746
2528.33 6.66457
2529.29 6.66235
2530.26 6.66206
2531.22 6.65401
2532.18 6.64867
2533.15 6.64787
2534.11 6.64769
2535.08 6.64142
2536.04 6.63442
2537.01 6.62587
2537.97 6.62363
2538.93 6.61951
2539.9 6.61356
2540.86 6.60745
2541.83 6.6025
2542.79 6.5948
2543.76 6.58868
2544.72 6.58049
2545.68 6.57165
2546.65 6.56295
2547.61 6.56048
2548.58 6.5539
2549.54 6.54158
2550.51 6.52916
2551.47 6.52325
2552.43 6.51504
2553.4 6.5063
2554.36 6.49782
2555.33 6.48904
2556.29 6.47645
2557.26 6.46785
2558.22 6.45765
2559.18 6.44825
2560.15 6.43695
2561.11 6.42626
2562.08 6.4128
2563.04 6.39864
2564.01 6.38635
2564.97 6.37721
2565.93 6.36395
2566.9 6.34932
2567.86 6.33359
2568.83 6.32061
2569.79 6.30607
2570.75 6.2931
2571.72 6.27636
2572.68 6.25983
2573.65 6.24467
2574.61 6.23188
2575.58 6.21573
2576.54 6.19894
2577.5 6.17892
2578.47 6.16163
2579.43 6.14687
2580.4 6.13073
2581.36 6.11004
2582.33 6.09305
2583.29 6.07534
2584.25 6.05594
2585.22 6.03366
2586.18 6.01195
2587.15 5.99054
2588.11 5.9688
2589.08 5.94627
2590.04 5.9266
2591 5.90589
2591.97 5.88436
2592.93 5.86176
2593.9 5.84063
2594.86 5.81784
2595.83 5.79368
2596.79 5.76708
2597.75 5.74269
2598.72 5.71457
2599.68 5.68714
2600.65 5.66331
2601.61 5.63973
2602.57 5.61207
2603.54 5.58469
2604.5 5.55388
2605.47 5.5239
2606.43 5.49334
2607.4 5.46524
2608.36 5.43624
2609.32 5.40741
2610.29 5.37601
2611.25 5.3455
2612.22 5.3157
2613.18 5.28593
2614.15 5.25113
2615.11 5.21744
2616.07 5.18433
2617.04 5.15306
2618 5.12093
2618.97 5.08719
2619.93 5.05187
2620.9 5.0173
2621.86 4.98081
2622.82 4.9454
2623.79 4.91075
2624.75 4.87489
2625.72 4.83989
2626.68 4.8046
2627.65 4.76692
2628.61 4.73031
2629.57 4.69164
2630.54 4.65306
2631.5 4.61521
2632.47 4.57724
2633.43 4.53652
2634.4 4.49778
2635.36 4.45969
2636.32 4.42228
2637.29 4.38168
2638.25 4.34158
2639.22 4.30561
2640.18 4.26936
2641.15 4.22781
2642.11 4.18797
2643.07 4.1508
2644.04 4.11195
2645 4.07189
2645.97 4.03478
2646.93 3.99778
2647.9 3.95973
2648.86 3.92032
2649.82 3.8839
2650.79 3.85037
2651.75 3.81564
2652.72 3.77839
2653.68 3.74484
2654.65 3.71218
2655.61 3.68032
2656.57 3.64895
2657.54 3.61911
2658.5 3.59294
2659.47 3.56908
2660.43 3.54674
2661.4 3.52876
2662.36 3.51349
2663.32 3.50096
2664.29 3.49269
2665.25 3.48827
2666.22 3.48091
2667.18 3.47699
2668.15 3.47573
2669.11 3.4758
2670.07 3.47529
2671.04 3.47387
2672 3.47284
2672.97 3.47337
2673.93 3.47439
2674.9 3.4755
2675.86 3.4713
2676.82 3.46849
2677.79 3.47118
2678.75 3.47392
2679.72 3.47198
2680.68 3.47237
2681.65 3.47468
2682.61 3.47556
2683.57 3.47722
2684.54 3.48012
2685.5 3.47878
2686.47 3.48002
2687.43 3.48149
2688.4 3.47848
2689.36 3.47656
2690.32 3.48038
2691.29 3.4841
2692.25 3.48399
2693.22 3.48219
2694.18 3.48391
2695.15 3.48556
2696.11 3.48615
2697.07 3.48567
2698.04 3.48684
2699 3.48974
2699.97 3.49174
2700.93 3.49129
2701.9 3.49273
2702.86 3.49401
2703.82 3.49622
2704.79 3.4964
2705.75 3.4964
2706.72 3.49876
2707.68 3.49946
2708.65 3.50052
2709.61 3.50429
2710.57 3.5061
2711.54 3.50673
2712.5 3.50993
2713.47 3.51196
2714.43 3.51162
2715.4 3.51173
2716.36 3.51283
2717.32 3.51583
2718.29 3.51758
2719.25 3.51886
2720.22 3.5191
2721.18 3.51768
2722.15 3.51804
2723.11 3.52332
2724.07 3.52784
2725.04 3.52557
2726 3.52055
2726.97 3.52403
2727.93 3.52979
2728.9 3.53333
2729.86 3.536
2730.82 3.53689
2731.79 3.53733
2732.75 3.54249
2733.72 3.54472
2734.68 3.54421
2735.64 3.54671
2736.61 3.54873
2737.57 3.5474
2738.54 3.54777
2739.5 3.55002
2740.47 3.5519
2741.43 3.55473
2742.39 3.55758
2743.36 3.55965
2744.32 3.56196
2745.29 3.56501
2746.25 3.5657
2747.22 3.56576
2748.18 3.57021
2749.14 3.57276
2750.11 3.5726
2751.07 3.5759
2752.04 3.5776
2753 3.57856
2753.97 3.58056
2754.93 3.58288
2755.89 3.58631
2756.86 3.58875
2757.82 3.58963
2758.79 3.59117
2759.75 3.59269
2760.72 3.5962
2761.68 3.60028
2762.64 3.60163
2763.61 3.60175
2764.57 3.60413
2765.54 3.6055
2766.5 3.61021
2767.47 3.61502
2768.43 3.61469
2769.39 3.61494
2770.36 3.61707
2771.32 3.62168
2772.29 3.6223
2773.25 3.62155
2774.22 3.62392
2775.18 3.62607
2776.14 3.62963
2777.11 3.63394
2778.07 3.63766
2779.04 3.64147
2780 3.64218
2780.97 3.64387
2781.93 3.64619
2782.89 3.65133
2783.86 3.65561
2784.82 3.65519
2785.79 3.65432
2786.75 3.65561
2787.72 3.65656
2788.68 3.65715
2789.64 3.66076
2790.61 3.66429
2791.57 3.66415
2792.54 3.66865
2793.5 3.67281
2794.47 3.67556
2795.43 3.67658
2796.39 3.68001
2797.36 3.67884
2798.32 3.67743
2799.29 3.68601
2800.25 3.69092
2801.22 3.69067
2802.18 3.6965
2803.14 3.70174
2804.11 3.70401
2805.07 3.70317
2806.04 3.70363
2807 3.70587
2807.97 3.70889
2808.93 3.7122
2809.89 3.71165
2810.86 3.71401
2811.82 3.72071
2812.79 3.72782
2813.75 3.73241
2814.72 3.73544
2815.68 3.73868
2816.64 3.73981
2817.61 3.74122
2818.57 3.74271
2819.54 3.74518
2820.5 3.74911
2821.47 3.75409
2822.43 3.75841
2823.39 3.76314
2824.36 3.76421
2825.32 3.76388
2826.29 3.7651
2827.25 3.76858
2828.22 3.77457
2829.18 3.78016
2830.14 3.78302
2831.11 3.78461
2832.07 3.7861
2833.04 3.79187
2834 3.79525
2834.97 3.79729
2835.93 3.80396
2836.89 3.80688
2837.86 3.80513
2838.82 3.80548
2839.79 3.81134
2840.75 3.82007
2841.72 3.82793
2842.68 3.83317
2843.64 3.8371
2844.61 3.84322
2845.57 3.8501
2846.54 3.85972
2847.5 3.87121
2848.47 3.87961
2849.43 3.88779
2850.39 3.89697
2851.36 3.89949
2852.32 3.89677
2853.29 3.89685
2854.25 3.89951
2855.22 3.89713
2856.18 3.89418
2857.14 3.89756
2858.11 3.90477
2859.07 3.90391
2860.04 3.89986
2861 3.90303
2861.97 3.90768
2862.93 3.90988
2863.89 3.91206
2864.86 3.91468
2865.82 3.91855
2866.79 3.92127
2867.75 3.92485
2868.72 3.92765
2869.68 3.92967
2870.64 3.93483
2871.61 3.93753
2872.57 3.93187
2873.54 3.93165
2874.5 3.94235
2875.47 3.95251
2876.43 3.95902
2877.39 3.96313
2878.36 3.96641
2879.32 3.97119
2880.29 3.97565
2881.25 3.97895
2882.22 3.98321
2883.18 3.98908
2884.14 3.9927
2885.11 3.99761
2886.07 4.0035
2887.04 4.00984
2888 4.01538
2888.97 4.01599
2889.93 4.01394
2890.89 4.01984
2891.86 4.02738
2892.82 4.03385
2893.79 4.03639
2894.75 4.03795
2895.72 4.03837
2896.68 4.04427
2897.64 4.05123
2898.61 4.05396
2899.57 4.0582
2900.54 4.06381
2901.5 4.0686
2902.47 4.07203
2903.43 4.0762
2904.39 4.08288
2905.36 4.09126
2906.32 4.09787
2907.29 4.10557
2908.25 4.11282
2909.22 4.11735
2910.18 4.12202
2911.14 4.12831
2912.11 4.13278
2913.07 4.13023
2914.04 4.13703
2915 4.15402
2915.97 4.16609
2916.93 4.17641
2917.89 4.18533
2918.86 4.18879
2919.82 4.19547
2920.79 4.20167
2921.75 4.20544
2922.72 4.20595
2923.68 4.20587
2924.64 4.20964
2925.61 4.2127
2926.57 4.21311
2927.54 4.21428
2928.5 4.20965
2929.46 4.20177
2930.43 4.20555
2931.39 4.21645
2932.36 4.22204
2933.32 4.22682
2934.29 4.22817
2935.25 4.22807
2936.21 4.22743
2937.18 4.22729
2938.14 4.23011
2939.11 4.23393
2940.07 4.23727
2941.04 4.23878
2942 4.23529
2942.96 4.22918
2943.93 4.22355
2944.89 4.23073
2945.86 4.23642
2946.82 4.23129
2947.79 4.24238
2948.75 4.25947
2949.71 4.26376
2950.68 4.26553
2951.64 4.26148
2952.61 4.2562
2953.57 4.26534
2954.54 4.27975
2955.5 4.28783
2956.46 4.28836
2957.43 4.29006
2958.39 4.2983
2959.36 4.30524
2960.32 4.30938
2961.28 4.31002
2962.25 4.31041
2963.21 4.31639
2964.18 4.32397
2965.14 4.32996
2966.11 4.33784
2967.07 4.3415
2968.03 4.34187
2969 4.3465
2969.96 4.35172
2970.93 4.35303
2971.89 4.3555
2972.86 4.35898
2973.82 4.3542
2974.78 4.3489
2975.75 4.35387
2976.71 4.35797
2977.68 4.36093
2978.64 4.36095
2979.61 4.36021
2980.57 4.3634
2981.53 4.36499
2982.5 4.36942
2983.46 4.37611
2984.43 4.38298
2985.39 4.38839
2986.36 4.38965
2987.32 4.39422
2988.28 4.39848
2989.25 4.39805
2990.21 4.39844
2991.18 4.39855
2992.14 4.39025
2993.11 4.391
2994.07 4.40481
2995.03 4.41819
2996 4.42311
2996.96 4.41917
2997.93 4.42072
2998.89 4.43125
2999.86 4.43634
3000.82 4.43947
3001.78 4.44353
3002.75 4.44456
3003.71 4.44557
3004.68 4.45362
3005.64 4.45932
3006.61 4.46069
3007.57 4.46461
3008.53 4.46706
3009.5 4.46152
3010.46 4.45444
3011.43 4.4526
3012.39 4.46397
3013.36 4.46994
3014.32 4.47096
3015.28 4.48251
3016.25 4.4912
3017.21 4.4924
3018.18 4.49983
3019.14 4.50192
3020.11 4.50645
3021.07 4.51426
3022.03 4.51948
3023 4.52134
3023.96 4.51999
3024.93 4.52314
3025.89 4.53447
3026.86 4.5398
3027.82 4.54118
3028.78 4.54164
3029.75 4.53874
3030.71 4.54226
3031.68 4.55086
3032.64 4.55506
3033.61 4.55486
3034.57 4.55468
3035.53 4.56099
3036.5 4.57306
3037.46 4.5799
3038.43 4.58048
3039.39 4.57769
3040.36 4.57809
3041.32 4.58341
3042.28 4.57902
3043.25 4.58279
3044.21 4.59278
3045.18 4.5924
3046.14 4.60151
3047.11 4.61428
3048.07 4.61963
3049.03 4.62401
3050 4.623
3050.96 4.62025
3051.93 4.6262
3052.89 4.63253
3053.86 4.63372
3054.82 4.63542
3055.78 4.63964
3056.75 4.64291
3057.71 4.64769
3058.68 4.65463
3059.64 4.65991
3060.61 4.66238
3061.57 4.6616
3062.53 4.65968
3063.5 4.65781
3064.46 4.66797
3065.43 4.67199
3066.39 4.66602
3067.36 4.6661
3068.32 4.6713
3069.28 4.68336
3070.25 4.69074
3071.21 4.69335
3072.18 4.69789
3073.14 4.69989
3074.11 4.70052
3075.07 4.70049
3076.03 4.69886
3077 4.69823
3077.96 4.69684
3078.93 4.70157
3079.89 4.70672
3080.86 4.7081
3081.82 4.7215
3082.78 4.73163
3083.75 4.73022
3084.71 4.73331
3085.68 4.7418
3086.64 4.74593
3087.61 4.75079
3088.57 4.75523
3089.53 4.75641
3090.5 4.75738
3091.46 4.76408
3092.43 4.77275
3093.39 4.77935
3094.36 4.7842
3095.32 4.78694
3096.28 4.79361
3097.25 4.80125
3098.21 4.80386
3099.18 4.80232
3100.14 4.80553
3101.11 4.81708
3102.07 4.82837
3103.03 4.83657
3104 4.84649
3104.96 4.87007
3105.93 4.91014
3106.89 4.94099
3107.86 4.93102
3108.82 4.90254
3109.78 4.89444
3110.75 4.8917
3111.71 4.88411
3112.68 4.87904
3113.64 4.87266
3114.61 4.86136
3115.57 4.85461
3116.53 4.84956
3117.5 4.84806
3118.46 4.85688
3119.43 4.85769
3120.39 4.85236
3121.36 4.85634
3122.32 4.87236
3123.28 4.88252
3124.25 4.88121
3125.21 4.8838
3126.18 4.88962
3127.14 4.89264
3128.11 4.89675
3129.07 4.89633
3130.03 4.89429
3131 4.90219
3131.96 4.90788
3132.93 4.91249
3133.89 4.91989
3134.86 4.92311
3135.82 4.92829
3136.78 4.92938
3137.75 4.92498
3138.71 4.9231
3139.68 4.92425
3140.64 4.93394
3141.61 4.94399
3142.57 4.95002
3143.53 4.9575
3144.5 4.96219
3145.46 4.96331
3146.43 4.96139
3147.39 4.96191
3148.35 4.9674
3149.32 4.96856
3150.28 4.96477
3151.25 4.95756
3152.21 4.95206
3153.18 4.96099
3154.14 4.97362
3155.1 4.98065
3156.07 4.98468
3157.03 4.98847
3158 4.99242
3158.96 4.99175
3159.93 4.99309
3160.89 4.99822
3161.85 5.00138
3162.82 5.01002
3163.78 5.02126
3164.75 5.02548
3165.71 5.02589
3166.68 5.02581
3167.64 5.02542
3168.6 5.02491
3169.57 5.02452
3170.53 5.02883
3171.5 5.03679
3172.46 5.04512
3173.43 5.04823
3174.39 5.04761
3175.35 5.04939
3176.32 5.04797
3177.28 5.0452
3178.25 5.0531
3179.21 5.05883
3180.18 5.05983
3181.14 5.06153
3182.1 5.06176
3183.07 5.06359
3184.03 5.06676
3185 5.07012
3185.96 5.07126
3186.93 5.07328
3187.89 5.0794
3188.85 5.08085
3189.82 5.08233
3190.78 5.08702
3191.75 5.08964
3192.71 5.08672
3193.68 5.08851
3194.64 5.09178
3195.6 5.09253
3196.57 5.09918
3197.53 5.10252
3198.5 5.10283
3199.46 5.10465
3200.43 5.10737
3201.39 5.10266
3202.35 5.09732
3203.32 5.09755
3204.28 5.09269
3205.25 5.0892
3206.21 5.08961
3207.18 5.09018
3208.14 5.09032
3209.1 5.08988
3210.07 5.09359
3211.03 5.09462
3212 5.09087
3212.96 5.08852
3213.93 5.08944
3214.89 5.08638
3215.85 5.08244
3216.82 5.08619
3217.78 5.08693
3218.75 5.08159
3219.71 5.0816
3220.68 5.08216
3221.64 5.0758
3222.6 5.07561
3223.57 5.08073
3224.53 5.0835
3225.5 5.08437
3226.46 5.08185
3227.43 5.08188
3228.39 5.08529
3229.35 5.08511
3230.32 5.08239
3231.28 5.07532
3232.25 5.06969
3233.21 5.06383
3234.18 5.06874
3235.14 5.08199
3236.1 5.09017
3237.07 5.09102
3238.03 5.09044
3239 5.09086
3239.96 5.09284
3240.93 5.09064
3241.89 5.08455
3242.85 5.08273
3243.82 5.07755
3244.78 5.07571
3245.75 5.07513
3246.71 5.06441
3247.68 5.066
3248.64 5.07485
3249.6 5.0793
3250.57 5.08001
3251.53 5.07623
3252.5 5.0708
3253.46 5.06794
3254.43 5.06303
3255.39 5.05575
3256.35 5.06509
3257.32 5.07794
3258.28 5.07137
3259.25 5.06045
3260.21 5.057
3261.18 5.0555
3262.14 5.04961
3263.1 5.04206
3264.07 5.03405
3265.03 5.03158
3266 5.03099
3266.96 5.02697
3267.93 5.02512
3268.89 5.02336
3269.85 5.02964
3270.82 5.05495
3271.78 5.07179
3272.75 5.05225
3273.71 5.02935
3274.68 5.01088
3275.64 4.99744
3276.6 4.9985
3277.57 4.99436
3278.53 4.98626
3279.5 4.9839
3280.46 4.9817
3281.42 4.97503
3282.39 4.9723
3283.35 4.97616
3284.32 4.96785
3285.28 4.95423
3286.25 4.94941
3287.21 4.93997
3288.17 4.9316
3289.14 4.92962
3290.1 4.92493
3291.07 4.91123
3292.03 4.89791
3293 4.89735
3293.96 4.89592
3294.92 4.88751
3295.89 4.88443
3296.85 4.88214
3297.82 4.88193
3298.78 4.8798
3299.75 4.87489
3300.71 4.86968
3301.67 4.86475
3302.64 4.85834
3303.6 4.85078
3304.57 4.83829
3305.53 4.82856
3306.5 4.82521
3307.46 4.82847
3308.42 4.82748
3309.39 4.82803
3310.35 4.83457
3311.32 4.83467
3312.28 4.82817
3313.24 4.8248
3314.21 4.82497
3315.17 4.8221
3316.14 4.81927
3317.1 4.81697
3318.07 4.81056
3319.03 4.80359
3319.99 4.79984
3320.96 4.79843
3321.92 4.79678
3322.89 4.79165
3323.85 4.78223
3324.82 4.77023
3325.78 4.76429
3326.74 4.7726
3327.71 4.77654
3328.67 4.77001
3329.64 4.76457
3330.6 4.7646
3331.57 4.76125
3332.53 4.75564
3333.49 4.75099
3334.46 4.74885
3335.42 4.74582
3336.39 4.74014
3337.35 4.73585
3338.32 4.72579
3339.28 4.71842
3340.24 4.72102
3341.21 4.72591
3342.17 4.7242
3343.14 4.71964
3344.1 4.71886
3345.07 4.71887
3346.03 4.71663
3346.99 4.71103
3347.96 4.7074
3348.92 4.70392
3349.89 4.69218
3350.85 4.68415
3351.82 4.69131
3352.78 4.69664
3353.74 4.69524
3354.71 4.6922
3355.67 4.69005
3356.64 4.68597
3357.6 4.68174
3358.57 4.67631
3359.53 4.67214
3360.49 4.66946
3361.46 4.67038
3362.42 4.67072
3363.39 4.66353
3364.35 4.65812
3365.32 4.65434
3366.28 4.6431
3367.24 4.63536
3368.21 4.63405
3369.17 4.62907
3370.14 4.6302
3371.1 4.63537
3372.07 4.63587
3373.03 4.63506
3373.99 4.63884
3374.96 4.63821
3375.92 4.62894
3376.89 4.62167
3377.85 4.62263
3378.82 4.62673
3379.78 4.61895
3380.74 4.60927
3381.71 4.60968
3382.67 4.6132
3383.64 4.6153
3384.6 4.61474
3385.57 4.61318
3386.53 4.60743
3387.49 4.60126
3388.46 4.59855
3389.42 4.59506
3390.39 4.5865
3391.35 4.57017
3392.32 4.56971
3393.28 4.58499
3394.24 4.58627
3395.21 4.58296
3396.17 4.58176
3397.14 4.58322
3398.1 4.58276
3399.07 4.56591
3400.03 4.5537
3400.99 4.55246
3401.96 4.55348
3402.92 4.5564
3403.89 4.56324
3404.85 4.56892
3405.82 4.56835
3406.78 4.56271
3407.74 4.5536
3408.71 4.54767
3409.67 4.54901
3410.64 4.55119
3411.6 4.54383
3412.57 4.53421
3413.53 4.5395
3414.49 4.54665
3415.46 4.54535
3416.42 4.54322
3417.39 4.54211
3418.35 4.53723
3419.32 4.52582
3420.28 4.52439
3421.24 4.53417
3422.21 4.53386
3423.17 4.53017
3424.14 4.52474
3425.1 4.52075
3426.07 4.51837
3427.03 4.51411
3427.99 4.5094
3428.96 4.50846
3429.92 4.50173
3430.89 4.50103
3431.85 4.50125
3432.82 4.49569
3433.78 4.48658
3434.74 4.47935
3435.71 4.4826
3436.67 4.48454
3437.64 4.48526
3438.6 4.49182
3439.57 4.495
3440.53 4.4917
3441.49 4.48216
3442.46 4.48383
3443.42 4.48586
3444.39 4.47768
3445.35 4.47245
3446.32 4.46267
3447.28 4.48145
3448.24 4.48791
3449.21 4.4766
3450.17 4.47628
3451.14 4.47368
3452.1 4.46905
3453.07 4.46928
3454.03 4.46795
3454.99 4.4622
3455.96 4.45639
3456.92 4.45386
3457.89 4.45305
3458.85 4.44674
3459.82 4.43981
3460.78 4.44057
3461.74 4.44209
3462.71 4.44496
3463.67 4.44803
3464.64 4.44285
3465.6 4.43348
3466.57 4.42897
3467.53 4.43258
3468.49 4.42549
3469.46 4.41976
3470.42 4.42431
3471.39 4.4265
3472.35 4.4253
3473.32 4.42187
3474.28 4.41674
3475.24 4.41929
3476.21 4.41932
3477.17 4.4142
3478.14 4.40815
3479.1 4.39793
3480.07 4.39557
3481.03 4.40053
3481.99 4.4036
3482.96 4.40973
3483.92 4.40395
3484.89 4.40021
3485.85 4.39491
3486.82 4.39217
3487.78 4.39469
3488.74 4.40414
3489.71 4.39843
3490.67 4.39565
3491.64 4.39158
3492.6 4.38686
3493.57 4.38111
3494.53 4.37713
3495.49 4.37975
3496.46 4.3839
3497.42 4.38108
3498.39 4.37251
3499.35 4.36777
3500.32 4.36432
3501.28 4.35428
3502.24 4.34314
3503.21 4.35716
3504.17 4.37677
3505.14 4.37146
3506.1 4.36288
3507.06 4.35706
3508.03 4.34707
3508.99 4.34339
3509.96 4.36039
3510.92 4.35736
3511.89 4.3539
3512.85 4.34623
3513.81 4.34045
3514.78 4.34153
3515.74 4.34021
3516.71 4.33759
3517.67 4.34063
3518.64 4.34026
3519.6 4.33908
3520.56 4.33175
3521.53 4.31893
3522.49 4.30918
3523.46 4.32123
3524.42 4.32068
3525.39 4.31379
3526.35 4.30604
3527.31 4.3106
3528.28 4.3143
3529.24 4.32291
3530.21 4.31788
3531.17 4.31174
3532.14 4.30898
3533.1 4.30296
3534.06 4.30085
3535.03 4.28862
3535.99 4.283
3536.96 4.30069
3537.92 4.29452
3538.89 4.28804
3539.85 4.28822
3540.81 4.28788
3541.78 4.27488
3542.74 4.26928
3543.71 4.26387
3544.67 4.26122
3545.64 4.27525
3546.6 4.28314
3547.56 4.30778
3548.53 4.29633
3549.49 4.2765
3550.46 4.26014
3551.42 4.24596
3552.39 4.27245
3553.35 4.28545
3554.31 4.28396
3555.28 4.27149
3556.24 4.25951
3557.21 4.26276
3558.17 4.25917
3559.14 4.24529
3560.1 4.25945
3561.06 4.26554
3562.03 4.24822
3562.99 4.241
3563.96 4.24438
3564.92 4.20762
3565.89 4.20198
3566.85 4.23204
3567.81 4.2642
3568.78 4.3323
3569.74 4.27564
3570.71 4.24984
3571.67 4.25065
3572.64 4.23885
3573.6 4.23013
3574.56 4.23724
3575.53 4.24041
3576.49 4.23567
3577.46 4.24337
3578.42 4.23577
3579.39 4.23038
3580.35 4.24551
3581.31 4.24088
3582.28 4.22571
3583.24 4.22528
3584.21 4.22381
3585.17 4.16599
3586.14 4.15834
3587.1 4.23756
3588.06 4.21208
3589.03 4.30601
3589.99 4.29662
3590.96 4.22686
3591.92 4.19009
3592.89 4.19023
3593.85 4.20596
3594.81 4.17983
3595.78 4.22479
3596.74 4.21417
3597.71 4.17947
3598.67 4.18124
3599.64 4.16422
3600.6 4.1653
3601.56 4.19306
3602.53 4.17907
3603.49 4.17217
3604.46 4.16053
3605.42 4.13096
3606.39 4.10882
3607.35 4.15176
3608.31 4.08362
3609.28 4.18774
3610.24 4.28483
3611.21 4.14095
3612.17 4.15216
3613.14 4.28054
3614.1 4.25553
3615.06 4.2519
3616.03 4.20811
3616.99 4.12961
3617.96 4.14942
3618.92 4.10713
3619.89 4.21319
3620.85 4.22371
3621.81 4.15655
3622.78 4.12992
3623.74 4.11053
3624.71 4.08591
3625.67 4.07446
3626.64 4.02855
3627.6 3.90117
3628.56 3.96065
3629.53 4.23114
3630.49 4.27278
3631.46 4.11687
3632.42 4.02998
3633.39 4.01884
3634.35 4.08542
3635.31 4.06314
3636.28 4.03071
3637.24 4.01941
3638.21 4.03118
3639.17 4.02894
3640.13 4.01092
3641.1 3.99589
3642.06 4.00074
3643.03 4.01211
3643.99 3.99623
3644.96 3.96414
3645.92 3.88383
3646.88 3.90529
3647.85 3.95571
3648.81 3.89605
3649.78 4.03053
3650.74 4.05877
3651.71 4.11265
3652.67 4.03139
3653.63 3.96153
3654.6 3.88209
3655.56 3.81667
3656.53 4.02929
3657.49 4.07185
3658.46 3.94965
3659.42 3.93718
3660.38 3.92998
3661.35 3.9282
3662.31 3.91487
3663.28 3.91701
3664.24 3.90066
3665.21 3.89834
3666.17 3.88635
3667.13 3.83804
3668.1 3.78375
3669.06 3.83319
3670.03 3.76355
3670.99 4.02393
3671.95 4.03946
3672.92 3.83003
3673.88 3.67124
3674.85 3.65452
3675.81 3.97712
3676.78 4.10067
3677.74 3.90608
3678.7 3.80932
3679.67 3.86212
3680.63 3.8795
3681.6 3.83068
3682.56 3.8182
3683.53 3.79859
3684.49 3.80582
3685.45 3.80025
3686.42 3.73976
3687.38 3.55568
3688.35 3.76029
3689.31 3.98247
3690.28 3.74725
3691.24 3.81163
3692.2 3.88484
3693.17 3.78856
3694.13 3.76274
3695.1 3.75957
3696.06 3.75844
3697.03 3.764
3697.99 3.75737
3698.95 3.74308
3699.92 3.71064
3700.88 3.651
3701.85 3.75689
3702.81 3.81694
3703.78 3.7395
3704.74 3.7163
3705.7 3.71774
3706.67 3.71785
3707.63 3.66464
3708.6 3.60486
3709.56 3.72534
3710.53 3.68065
3711.49 3.54392
3712.45 3.82021
3713.42 3.82679
3714.38 3.693
3715.35 3.70143
3716.31 3.6816
3717.28 3.64947
3718.24 3.63031
3719.2 3.68154
3720.17 3.68058
3721.13 3.60805
3722.1 3.65937
3723.06 3.74171
3724.03 3.67651
3724.99 3.66149
3725.95 3.67916
3726.92 3.79362
3727.88 3.83026
3728.85 3.81376
3729.81 3.82228
3730.78 3.74269
3731.74 3.76542
3732.7 3.99071
3733.67 3.80435
3734.63 3.72599
3735.6 3.77467
3736.56 3.80954
3737.53 3.84328
3738.49 3.75355
3739.45 3.68465
3740.42 3.61033
3741.38 3.63607
3742.35 3.54777
3743.31 3.22678
3744.28 3.38332
3745.24 4.00156
3746.2 3.71662
3747.17 3.49117
3748.13 3.28023
3749.1 3.34872
3750.06 3.70388
3751.03 3.35154
3751.99 3.37023
3752.95 3.72255
3753.92 3.53626
3754.88 3.39825
3755.85 3.34753
3756.81 3.41457
3757.78 3.38745
3758.74 3.28672
3759.7 3.37937
3760.67 3.45462
3761.63 3.36277
3762.6 3.32999
3763.56 3.30871
3764.53 3.24912
3765.49 3.27231
3766.45 3.3695
3767.42 3.30884
3768.38 3.20734
3769.35 3.18023
3770.31 3.36553
3771.28 3.33979
3772.24 3.26827
3773.2 3.25075
3774.17 3.24261
3775.13 3.22727
3776.1 3.22274
3777.06 3.20893
3778.03 3.16409
3778.99 3.1463
3779.95 3.2627
3780.92 3.23695
3781.88 3.18679
3782.85 3.16678
3783.81 3.14349
3784.78 3.1686
3785.74 3.1856
3786.7 3.15472
3787.67 3.14842
3788.63 3.1378
3789.6 3.13582
3790.56 3.12479
3791.53 3.12314
3792.49 3.11624
3793.45 3.11562
3794.42 3.08326
3795.38 3.02531
3796.35 3.07999
3797.31 3.16795
3798.28 3.10119
3799.24 3.03233
3800.2 2.84517
3801.17 2.98465
3802.13 3.30244
3803.1 3.17943
3804.06 3.08094
3805.03 2.99803
3805.99 2.85558
3806.95 3.04633
3807.92 3.22883
3808.88 3.07053
3809.85 3.02183
3810.81 3.01093
3811.78 3.00734
3812.74 2.98943
3813.7 2.97031
3814.67 2.81051
3815.63 2.81688
3816.6 3.21648
3817.56 3.10704
3818.53 2.93892
3819.49 2.83916
3820.45 2.81098
3821.42 3.04574
3822.38 3.14967
3823.35 3.01413
3824.31 2.95076
3825.28 2.90926
3826.24 2.89693
3827.2 2.96797
3828.17 2.95474
3829.13 2.91683
3830.1 2.85637
3831.06 2.82842
3832.03 2.98567
3832.99 2.94725
3833.95 2.79526
3834.92 2.88762
3835.88 2.92085
3836.85 2.66027
3837.81 2.88425
3838.78 3.09644
3839.74 2.87323
3840.7 2.89373
3841.67 2.93786
3842.63 2.82739
3843.6 2.85071
3844.56 2.93858
3845.53 2.86685
3846.49 2.84711
3847.45 2.83299
3848.42 2.82197
3849.38 2.81726
3850.35 2.74875
3851.31 2.60775
3852.28 2.77277
3853.24 2.59305
3854.2 2.99031
3855.17 3.26266
3856.13 2.87991
3857.1 2.82343
3858.06 2.85753
3859.02 2.82625
3859.99 2.77203
3860.95 2.72706
3861.92 2.8174
3862.88 2.83931
3863.85 2.69168
3864.81 2.77487
3865.77 2.9402
3866.74 2.84487
3867.7 2.72376
3868.67 2.60356
3869.63 2.7127
3870.6 2.98283
3871.56 2.88534
3872.52 2.74521
3873.49 2.68693
3874.45 2.82421
3875.42 2.8455
3876.38 2.7718
3877.35 2.75442
3878.31 2.72442
3879.27 2.64332
3880.24 2.74885
3881.2 2.8685
3882.17 2.77913
3883.13 2.74736
3884.1 2.68696
3885.06 2.60433
3886.02 2.86756
3886.99 2.8912
3887.95 2.75467
3888.92 2.73178
3889.88 2.64815
3890.84 2.64884
3891.81 2.85529
3892.77 2.81461
3893.74 2.73935
3894.7 2.74415
3895.67 2.7304
3896.63 2.70922
3897.59 2.66157
3898.56 2.62482
3899.52 2.78578
3900.49 2.7374
3901.45 2.65948
3902.42 2.7874
3903.38 2.66708
3904.34 2.76902
3905.31 2.81208
3906.27 2.76008
3907.24 2.7434
3908.2 2.71222
3909.17 2.70645
3910.13 2.7083
3911.09 2.70876
3912.06 2.70762
3913.02 2.70723
3913.99 2.7033
3914.95 2.68293
3915.92 2.63996
3916.88 2.6798
3917.84 2.76625
3918.81 2.70027
3919.77 2.68866
3920.74 2.74618
3921.7 2.71021
3922.67 2.67506
3923.63 2.66427
3924.59 2.68636
3925.56 2.73025
3926.52 2.71376
3927.49 2.68514
3928.45 2.67717
3929.42 2.68178
3930.38 2.68967
3931.34 2.65859
3932.31 2.69641
3933.27 2.73332
3934.24 2.70397
3935.2 2.69545
3936.17 2.68514
3937.13 2.68308
3938.09 2.6836
3939.06 2.68281
3940.02 2.6779
3940.99 2.65842
3941.95 2.63997
3942.92 2.70059
3943.88 2.71477
3944.84 2.68912
3945.81 2.67184
3946.77 2.65806
3947.74 2.68429
3948.7 2.68594
3949.67 2.67693
3950.63 2.69758
3951.59 2.68563
3952.56 2.67709
3953.52 2.68293
3954.49 2.68533
3955.45 2.68018
3956.42 2.67423
3957.38 2.67782
3958.34 2.68162
3959.31 2.67978
3960.27 2.67601
3961.24 2.66767
3962.2 2.67819
3963.17 2.6796
3964.13 2.6789
3965.09 2.68321
3966.06 2.68036
3967.02 2.6745
3967.99 2.66704
3968.95 2.67135
3969.92 2.67832
3970.88 2.67128
3971.84 2.67164
3972.81 2.6764
3973.77 2.67515
3974.74 2.67517
3975.7 2.6762
3976.67 2.67735
3977.63 2.67402
3978.59 2.67533
3979.56 2.6767
3980.52 2.67402
3981.49 2.6724
3982.45 2.67599
3983.42 2.67772
3984.38 2.67477
3985.34 2.67519
3986.31 2.6788
3987.27 2.67929
3988.24 2.67573
3989.2 2.67688
3990.17 2.68145
3991.13 2.68581
3992.09 2.68241
3993.06 2.68029
3994.02 2.6798
3994.99 2.68429
3995.95 2.68418
3996.92 2.67841
3997.88 2.67994
3998.84 2.68115
3999.81 2.68286
