599.778 2.95602
600.742 2.83679
601.707 2.92058
602.671 2.97726
603.635 3.03129
604.599 3.06474
605.564 3.05769
606.528 3.01112
607.492 3.00576
608.457 3.01282
609.421 3.02721
610.385 3.02337
611.349 3.0331
612.314 3.03885
613.278 3.02655
614.242 2.96968
615.206 2.97751
616.171 2.9914
617.135 2.98309
618.099 2.9669
619.063 2.96773
620.028 2.99379
620.992 3.00716
621.956 3.00679
622.921 3.05348
623.885 3.06329
624.849 2.98019
625.813 2.93277
626.778 3.02145
627.742 2.98828
628.706 2.8993
629.67 2.97527
630.635 3.00943
631.599 2.92818
632.563 2.9055
633.528 2.93497
634.492 2.95157
635.456 2.92635
636.42 2.91672
637.385 2.93855
638.349 2.9525
639.313 2.94144
640.278 2.94444
641.242 2.95608
642.206 2.96845
643.17 2.984
644.135 2.99855
645.099 2.99684
646.063 3.03279
647.028 3.09653
647.992 3.15856
648.956 3.19583
649.92 3.23512
650.885 3.33545
651.849 3.40795
652.813 3.22268
653.777 3.14762
654.742 3.49944
655.706 3.59612
656.67 3.45242
657.635 3.81816
658.599 4.226
659.563 4.0006
660.527 3.76566
661.492 4.03424
662.456 4.02255
663.42 3.52044
664.384 3.311
665.349 3.54096
666.313 3.4504
667.277 3.19632
668.241 3.3194
669.206 3.35615
670.17 3.01989
671.134 2.6755
672.099 2.79462
673.063 2.96773
674.027 2.80131
674.991 2.65168
675.956 2.7343
676.92 2.83015
677.884 2.80331
678.848 2.658
679.813 2.61408
680.777 2.7969
681.741 2.81783
682.706 2.58516
683.67 2.5525
684.634 2.77622
685.598 2.7764
686.563 2.54598
687.527 2.53269
688.491 2.75243
689.456 2.7395
690.42 2.51352
691.384 2.51076
692.348 2.71724
693.313 2.70452
694.277 2.49869
695.241 2.49901
696.205 2.69513
697.17 2.68795
698.134 2.50693
699.098 2.50256
700.062 2.66979
701.027 2.66441
701.991 2.49746
702.955 2.49306
703.92 2.65151
704.884 2.64422
705.848 2.49093
706.812 2.49174
707.777 2.62816
708.741 2.61989
709.705 2.49569
710.669 2.49131
711.634 2.59503
712.598 2.5897
713.562 2.49659
714.527 2.50717
715.491 2.59014
716.455 2.57525
717.419 2.49413
718.384 2.50068
719.348 2.57632
720.312 2.57524
721.277 2.51638
722.241 2.52046
723.205 2.56312
724.169 2.54769
725.134 2.51559
726.098 2.53503
727.062 2.56159
728.026 2.53145
728.991 2.51441
729.955 2.55188
730.919 2.56155
731.884 2.51999
732.848 2.51378
733.812 2.56646
734.776 2.5722
735.741 2.50863
736.705 2.50698
737.669 2.5748
738.634 2.57769
739.598 2.49575
740.562 2.48443
741.526 2.56784
742.49 2.57701
743.455 2.47675
744.419 2.4554
745.383 2.55401
746.348 2.57554
747.312 2.46122
748.276 2.42336
749.24 2.54474
750.205 2.59362
751.169 2.46583
752.133 2.40883
753.098 2.53642
754.062 2.60258
755.026 2.47231
755.99 2.38977
756.955 2.5223
757.919 2.61708
758.883 2.48803
759.847 2.37543
760.812 2.50234
761.776 2.6326
762.74 2.5219
763.705 2.37662
764.669 2.47635
765.633 2.62856
766.597 2.54052
767.562 2.37887
768.526 2.45596
769.49 2.62457
770.455 2.56576
771.419 2.38321
772.383 2.43581
773.347 2.63048
774.312 2.60235
775.276 2.40204
776.24 2.41007
777.204 2.62072
778.169 2.6369
779.133 2.43835
780.097 2.41793
781.062 2.61974
782.026 2.66279
782.99 2.47148
783.954 2.4158
784.919 2.62048
785.883 2.71033
786.847 2.54695
787.812 2.46292
788.776 2.64384
789.74 2.7748
790.704 2.64937
791.668 2.54775
792.633 2.71216
793.597 2.87066
794.561 2.77915
795.526 2.66472
796.49 2.79625
797.454 2.95905
798.418 2.89463
799.383 2.76462
800.347 2.84246
801.311 2.9882
802.276 2.93416
803.24 2.77865
804.204 2.79538
805.168 2.9122
806.133 2.87585
807.097 2.73043
808.061 2.71468
809.025 2.81881
809.99 2.81713
810.954 2.68584
811.918 2.64216
812.883 2.73505
813.847 2.75832
814.811 2.65155
815.775 2.59412
816.74 2.66765
817.704 2.70889
818.668 2.62776
819.633 2.56184
820.597 2.61573
821.561 2.66813
822.525 2.61466
823.49 2.55476
824.454 2.57968
825.418 2.62576
826.382 2.60516
827.347 2.54628
828.311 2.5438
829.275 2.58999
830.24 2.59154
831.204 2.54292
832.168 2.51701
833.132 2.55263
834.097 2.57735
835.061 2.53895
836.025 2.50708
836.989 2.53709
837.954 2.5745
838.918 2.55265
839.882 2.50796
840.846 2.52325
841.811 2.55923
842.775 2.54812
843.739 2.51347
844.704 2.51642
845.668 2.54813
846.632 2.54839
847.596 2.52081
848.561 2.52105
849.525 2.54178
850.489 2.54838
851.454 2.5293
852.418 2.51728
853.382 2.53486
854.346 2.54578
855.311 2.53428
856.275 2.52416
857.239 2.5301
858.203 2.54108
859.168 2.53524
860.132 2.5281
861.096 2.53153
862.061 2.53357
863.025 2.53166
863.989 2.52724
864.953 2.52463
865.918 2.52707
866.882 2.52376
867.846 2.53514
868.811 2.60071
869.775 2.66903
870.739 2.62776
871.703 2.57159
872.668 2.55756
873.632 2.54576
874.596 2.53761
875.56 2.55005
876.525 2.55862
877.489 2.5515
878.453 2.54627
879.418 2.55742
880.382 2.57266
881.346 2.56851
882.31 2.55733
883.275 2.56445
884.239 2.58337
885.203 2.58507
886.167 2.5703
887.132 2.57183
888.096 2.58707
889.06 2.5872
890.024 2.57122
890.989 2.57115
891.953 2.5891
892.917 2.59268
893.882 2.57619
894.846 2.57219
895.81 2.59069
896.774 2.60376
897.739 2.59123
898.703 2.58141
899.667 2.59318
900.631 2.60351
901.596 2.59638
902.56 2.5906
903.524 2.59993
904.489 2.61369
905.453 2.60994
906.417 2.60085
907.381 2.61006
908.346 2.6284
909.31 2.63003
910.274 2.6216
911.239 2.62679
912.203 2.64153
913.167 2.64404
914.131 2.64269
915.096 2.6474
916.06 2.65824
917.024 2.66488
917.988 2.66235
918.953 2.6659
919.917 2.67758
920.881 2.68531
921.846 2.68758
922.81 2.68776
923.774 2.69704
924.738 2.70562
925.703 2.70831
926.667 2.71378
927.631 2.72148
928.596 2.72812
929.56 2.73275
930.524 2.73738
931.488 2.74792
932.452 2.75489
933.417 2.75666
934.381 2.76339
935.345 2.7758
936.31 2.7856
937.274 2.78805
938.238 2.79174
939.202 2.8024
940.167 2.81062
941.131 2.81593
942.095 2.82214
943.06 2.83321
944.024 2.8423
944.988 2.84621
945.952 2.85188
946.917 2.86372
947.881 2.87434
948.845 2.87869
949.809 2.88086
950.774 2.88971
951.738 2.90267
952.702 2.91246
953.667 2.91334
954.631 2.91965
955.595 2.93462
956.559 2.94671
957.524 2.94947
958.488 2.95213
959.452 2.96178
960.417 2.97332
961.381 2.98035
962.345 2.98848
963.309 2.9977
964.274 3.00723
965.238 3.01478
966.202 3.02018
967.166 3.03103
968.131 3.04206
969.095 3.04825
970.059 3.05136
971.024 3.05867
971.988 3.07442
972.952 3.08541
973.916 3.08829
974.881 3.09404
975.845 3.10473
976.809 3.11384
977.773 3.11941
978.738 3.12416
979.702 3.13327
980.666 3.14272
981.63 3.14798
982.595 3.15294
983.559 3.16201
984.523 3.17348
985.488 3.17826
986.452 3.17788
987.416 3.18785
988.38 3.201
989.345 3.20828
990.309 3.21163
991.273 3.21739
992.237 3.2278
993.202 3.23586
994.166 3.23757
995.13 3.24333
996.095 3.25369
997.059 3.26086
998.023 3.26319
998.987 3.26874
999.952 3.2777
1000.92 3.28731
1001.88 3.29146
1002.85 3.29698
1003.81 3.30474
1004.77 3.30953
1005.74 3.31285
1006.7 3.31867
1007.67 3.32859
1008.63 3.33796
1009.59 3.34503
1010.56 3.35802
1011.52 3.37229
1012.49 3.38251
1013.45 3.38724
1014.42 3.39163
1015.38 3.40447
1016.34 3.41688
1017.31 3.42252
1018.27 3.43245
1019.24 3.44472
1020.2 3.457
1021.17 3.46605
1022.13 3.47189
1023.09 3.48416
1024.06 3.4984
1025.02 3.51047
1025.99 3.52221
1026.95 3.5357
1027.92 3.55549
1028.88 3.56908
1029.84 3.57593
1030.81 3.58721
1031.77 3.60217
1032.74 3.61911
1033.7 3.62975
1034.67 3.63821
1035.63 3.64957
1036.59 3.66189
1037.56 3.67783
1038.52 3.68915
1039.49 3.69756
1040.45 3.71174
1041.42 3.72243
1042.38 3.73102
1043.34 3.74415
1044.31 3.75633
1045.27 3.76853
1046.24 3.77828
1047.2 3.78788
1048.16 3.79726
1049.13 3.80592
1050.09 3.82048
1051.06 3.83104
1052.02 3.83569
1052.99 3.84162
1053.95 3.84818
1054.91 3.85167
1055.88 3.85564
1056.84 3.86364
1057.81 3.86573
1058.77 3.85991
1059.74 3.85764
1060.7 3.86318
1061.66 3.86999
1062.63 3.87088
1063.59 3.86601
1064.56 3.86365
1065.52 3.86448
1066.49 3.86043
1067.45 3.85434
1068.41 3.85661
1069.38 3.85958
1070.34 3.85769
1071.31 3.85356
1072.27 3.85294
1073.24 3.85485
1074.2 3.85481
1075.16 3.8502
1076.13 3.84417
1077.09 3.84417
1078.06 3.84794
1079.02 3.84785
1079.99 3.84639
1080.95 3.84619
1081.91 3.84681
1082.88 3.84624
1083.84 3.84643
1084.81 3.84398
1085.77 3.84284
1086.74 3.84418
1087.7 3.83678
1088.66 3.83072
1089.63 3.83304
1090.59 3.83451
1091.56 3.83163
1092.52 3.82679
1093.49 3.82962
1094.45 3.8347
1095.41 3.83656
1096.38 3.8361
1097.34 3.83448
1098.31 3.83613
1099.27 3.83829
1100.24 3.83638
1101.2 3.83524
1102.16 3.84272
1103.13 3.85236
1104.09 3.85635
1105.06 3.85565
1106.02 3.85581
1106.99 3.86343
1107.95 3.87517
1108.91 3.88042
1109.88 3.87913
1110.84 3.88019
1111.81 3.88587
1112.77 3.88874
1113.74 3.89162
1114.7 3.89509
1115.66 3.89741
1116.63 3.89928
1117.59 3.89771
1118.56 3.89838
1119.52 3.90133
1120.49 3.90525
1121.45 3.90506
1122.41 3.89931
1123.38 3.8966
1124.34 3.89645
1125.31 3.89427
1126.27 3.89049
1127.24 3.88488
1128.2 3.88319
1129.16 3.88612
1130.13 3.88541
1131.09 3.88319
1132.06 3.88365
1133.02 3.87998
1133.99 3.87472
1134.95 3.87161
1135.91 3.8698
1136.88 3.86873
1137.84 3.86473
1138.81 3.85692
1139.77 3.85421
1140.74 3.85329
1141.7 3.84944
1142.66 3.84599
1143.63 3.84377
1144.59 3.83928
1145.56 3.83273
1146.52 3.82903
1147.49 3.82542
1148.45 3.82261
1149.41 3.82152
1150.38 3.81889
1151.34 3.81657
1152.31 3.81613
1153.27 3.81029
1154.24 3.8029
1155.2 3.80025
1156.16 3.79727
1157.13 3.79391
1158.09 3.78912
1159.06 3.78635
1160.02 3.78496
1160.98 3.78248
1161.95 3.77824
1162.91 3.77077
1163.88 3.76491
1164.84 3.76632
1165.81 3.76706
1166.77 3.76256
1167.73 3.75801
1168.7 3.75538
1169.66 3.75295
1170.63 3.75162
1171.59 3.7504
1172.56 3.74582
1173.52 3.73888
1174.48 3.73442
1175.45 3.7342
1176.41 3.73446
1177.38 3.73081
1178.34 3.72331
1179.31 3.71895
1180.27 3.71806
1181.23 3.71292
1182.2 3.70618
1183.16 3.70316
1184.13 3.70268
1185.09 3.70184
1186.06 3.69998
1187.02 3.69702
1187.98 3.69546
1188.95 3.69593
1189.91 3.69552
1190.88 3.69408
1191.84 3.6935
1192.81 3.69163
1193.77 3.69084
1194.73 3.69056
1195.7 3.68975
1196.66 3.68787
1197.63 3.68879
1198.59 3.68833
1199.56 3.6863
1200.52 3.6883
1201.48 3.68741
1202.45 3.68397
1203.41 3.68303
1204.38 3.68317
1205.34 3.68784
1206.31 3.69093
1207.27 3.6903
1208.23 3.69148
1209.2 3.69503
1210.16 3.69851
1211.13 3.70088
1212.09 3.70409
1213.06 3.70723
1214.02 3.71081
1214.98 3.71598
1215.95 3.72011
1216.91 3.72345
1217.88 3.72845
1218.84 3.7316
1219.81 3.73519
1220.77 3.74118
1221.73 3.74484
1222.7 3.74825
1223.66 3.75113
1224.63 3.75458
1225.59 3.76051
1226.56 3.76466
1227.52 3.76939
1228.48 3.77545
1229.45 3.77918
1230.41 3.7833
1231.38 3.78716
1232.34 3.79243
1233.31 3.7976
1234.27 3.80381
1235.23 3.81056
1236.2 3.8148
1237.16 3.82283
1238.13 3.82938
1239.09 3.8333
1240.06 3.83953
1241.02 3.84385
1241.98 3.84761
1242.95 3.85425
1243.91 3.86166
1244.88 3.86807
1245.84 3.87465
1246.81 3.88122
1247.77 3.88551
1248.73 3.88746
1249.7 3.89064
1250.66 3.89679
1251.63 3.90117
1252.59 3.90106
1253.56 3.9004
1254.52 3.90324
1255.48 3.90825
1256.45 3.9146
1257.41 3.91837
1258.38 3.92041
1259.34 3.92281
1260.31 3.92839
1261.27 3.93733
1262.23 3.94502
1263.2 3.95029
1264.16 3.95651
1265.13 3.96289
1266.09 3.97122
1267.06 3.97937
1268.02 3.98456
1268.98 3.99016
1269.95 3.996
1270.91 4.00161
1271.88 4.00965
1272.84 4.01742
1273.81 4.02398
1274.77 4.03011
1275.73 4.03662
1276.7 4.04328
1277.66 4.04886
1278.63 4.05637
1279.59 4.06123
1280.56 4.06601
1281.52 4.07373
1282.48 4.08043
1283.45 4.08656
1284.41 4.09314
1285.38 4.09778
1286.34 4.10233
1287.31 4.10504
1288.27 4.11099
1289.23 4.11852
1290.2 4.12443
1291.16 4.13057
1292.13 4.13578
1293.09 4.13977
1294.06 4.14655
1295.02 4.15093
1295.98 4.15458
1296.95 4.15943
1297.91 4.16355
1298.88 4.16694
1299.84 4.16966
1300.81 4.17117
1301.77 4.17307
1302.73 4.17433
1303.7 4.17747
1304.66 4.18026
1305.63 4.18275
1306.59 4.18409
1307.56 4.18411
1308.52 4.18553
1309.48 4.18623
1310.45 4.18516
1311.41 4.185
1312.38 4.18438
1313.34 4.18636
1314.31 4.18503
1315.27 4.18269
1316.23 4.17979
1317.2 4.1781
1318.16 4.17509
1319.13 4.17697
1320.09 4.18001
1321.06 4.18007
1322.02 4.17935
1322.98 4.17836
1323.95 4.1762
1324.91 4.17829
1325.88 4.18243
1326.84 4.18545
1327.81 4.18696
1328.77 4.18885
1329.73 4.1978
1330.7 4.21787
1331.66 4.23483
1332.63 4.22662
1333.59 4.19933
1334.56 4.16926
1335.52 4.13207
1336.48 4.09529
1337.45 4.06239
1338.41 4.02779
1339.38 4.00442
1340.34 3.99341
1341.31 3.98417
1342.27 3.96852
1343.23 3.95515
1344.2 3.94445
1345.16 3.93319
1346.13 3.92048
1347.09 3.9094
1348.06 3.89538
1349.02 3.88591
1349.98 3.88138
1350.95 3.87224
1351.91 3.86294
1352.88 3.85631
1353.84 3.84723
1354.81 3.83858
1355.77 3.8302
1356.73 3.82073
1357.7 3.81353
1358.66 3.80227
1359.63 3.78152
1360.59 3.75876
1361.55 3.74174
1362.52 3.71971
1363.48 3.72708
1364.45 3.73203
1365.41 3.71867
1366.38 3.71084
1367.34 3.69927
1368.3 3.689
1369.27 3.68798
1370.23 3.68209
1371.2 3.67281
1372.16 3.65563
1373.13 3.6302
1374.09 3.62562
1375.05 3.63426
1376.02 3.64233
1376.98 3.63688
1377.95 3.63248
1378.91 3.63083
1379.88 3.62471
1380.84 3.61586
1381.8 3.60426
1382.77 3.59733
1383.73 3.59859
1384.7 3.59871
1385.66 3.57657
1386.63 3.53629
1387.59 3.54484
1388.55 3.56884
1389.52 3.56056
1390.48 3.55628
1391.45 3.55231
1392.41 3.5421
1393.38 3.51041
1394.34 3.50506
1395.3 3.53981
1396.27 3.54613
1397.23 3.52593
1398.2 3.4905
1399.16 3.49038
1400.12 3.51477
1401.09 3.51047
1402.05 3.50382
1403.02 3.49406
1403.98 3.478
1404.95 3.48574
1405.91 3.49709
1406.88 3.47932
1407.84 3.46763
1408.8 3.45724
1409.77 3.45251
1410.73 3.44846
1411.7 3.44825
1412.66 3.44929
1413.62 3.45079
1414.59 3.44639
1415.55 3.43864
1416.52 3.42693
1417.48 3.40736
1418.45 3.35301
1419.41 3.3938
1420.38 3.47413
1421.34 3.46091
1422.3 3.44652
1423.27 3.43895
1424.23 3.46473
1425.2 3.48933
1426.16 3.50123
1427.12 3.51246
1428.09 3.51391
1429.05 3.49923
1430.02 3.51074
1430.98 3.53262
1431.95 3.53026
1432.91 3.53049
1433.88 3.52405
1434.84 3.4812
1435.8 3.39794
1436.77 3.42388
1437.73 3.49176
1438.7 3.46919
1439.66 3.44424
1440.62 3.41187
1441.59 3.38678
1442.55 3.3695
1443.52 3.35778
1444.48 3.34381
1445.45 3.33005
1446.41 3.29845
1447.38 3.27347
1448.34 3.29662
1449.3 3.30841
1450.27 3.29141
1451.23 3.27825
1452.2 3.27601
1453.16 3.276
1454.12 3.24618
1455.09 3.18148
1456.05 3.0997
1457.02 3.16893
1457.98 3.23296
1458.95 3.25216
1459.91 3.27758
1460.88 3.27873
1461.84 3.27687
1462.8 3.26312
1463.77 3.21664
1464.73 3.22112
1465.7 3.29143
1466.66 3.29925
1467.62 3.29615
1468.59 3.29474
1469.55 3.28424
1470.52 3.23665
1471.48 3.18191
1472.45 3.19988
1473.41 3.26208
1474.38 3.29865
1475.34 3.26186
1476.3 3.27779
1477.27 3.32274
1478.23 3.32326
1479.2 3.32017
1480.16 3.31383
1481.12 3.31756
1482.09 3.32953
1483.05 3.3338
1484.02 3.33208
1484.98 3.32317
1485.95 3.29745
1486.91 3.28315
1487.87 3.30194
1488.84 3.27824
1489.8 3.26324
1490.77 3.31534
1491.73 3.35281
1492.7 3.34977
1493.66 3.33893
1494.62 3.29607
1495.59 3.24815
1496.55 3.31339
1497.52 3.31936
1498.48 3.29244
1499.45 3.34265
1500.41 3.34912
1501.37 3.34105
1502.34 3.33919
1503.3 3.31941
1504.27 3.23826
1505.23 3.14254
1506.2 3.13948
1507.16 3.23896
1508.12 3.29642
1509.09 3.29646
1510.05 3.31367
1511.02 3.29751
1511.98 3.28674
1512.94 3.31692
1513.91 3.30477
1514.87 3.27776
1515.84 3.24165
1516.8 3.22053
1517.77 3.28065
1518.73 3.26997
1519.69 3.18245
1520.66 3.14342
1521.62 3.21715
1522.59 3.25932
1523.55 3.26258
1524.52 3.2145
1525.48 3.22468
1526.44 3.25424
1527.41 3.24283
1528.37 3.25648
1529.34 3.27138
1530.3 3.25721
1531.27 3.22812
1532.23 3.18177
1533.19 3.15249
1534.16 3.21934
1535.12 3.24556
1536.09 3.22482
1537.05 3.17207
1538.02 3.05973
1538.98 3.01169
1539.94 3.11586
1540.91 3.14507
1541.87 3.1592
1542.84 3.23799
1543.8 3.22327
1544.77 3.21808
1545.73 3.28872
1546.69 3.30676
1547.66 3.28862
1548.62 3.26349
1549.59 3.24968
1550.55 3.28781
1551.52 3.2967
1552.48 3.26081
1553.44 3.19918
1554.41 3.24197
1555.37 3.28515
1556.34 3.19234
1557.3 3.06222
1558.27 3.05732
1559.23 3.11497
1560.19 3.25857
1561.16 3.36016
1562.12 3.33261
1563.09 3.3179
1564.05 3.30012
1565.02 3.32413
1565.98 3.3524
1566.94 3.34965
1567.91 3.31214
1568.87 3.26802
1569.84 3.33623
1570.8 3.41159
1571.77 3.40757
1572.73 3.41142
1573.69 3.40294
1574.66 3.33989
1575.62 3.29636
1576.59 3.45387
1577.55 3.50079
1578.52 3.49067
1579.48 3.49907
1580.44 3.51163
1581.41 3.52391
1582.37 3.5377
1583.34 3.55242
1584.3 3.56998
1585.27 3.58492
1586.23 3.6044
1587.19 3.62632
1588.16 3.6513
1589.12 3.67293
1590.09 3.69807
1591.05 3.71962
1592.02 3.73513
1592.98 3.73819
1593.94 3.73365
1594.91 3.72982
1595.87 3.72729
1596.84 3.7222
1597.8 3.71629
1598.77 3.70638
1599.73 3.69435
1600.69 3.68031
1601.66 3.67254
1602.62 3.66531
1603.59 3.6643
1604.55 3.66045
1605.52 3.65293
1606.48 3.64613
1607.44 3.65056
1608.41 3.65111
1609.37 3.65845
1610.34 3.67672
1611.3 3.68726
1612.27 3.69509
1613.23 3.70223
1614.19 3.69334
1615.16 3.63477
1616.12 3.59074
1617.09 3.73284
1618.05 3.78386
1619.02 3.76604
1619.98 3.7718
1620.94 3.77418
1621.91 3.74835
1622.87 3.72164
1623.84 3.79139
1624.8 3.83731
1625.77 3.82606
1626.73 3.80312
1627.69 3.813
1628.66 3.85996
1629.62 3.87085
1630.59 3.87369
1631.55 3.87796
1632.52 3.87499
1633.48 3.82696
1634.44 3.72661
1635.41 3.77269
1636.37 3.90079
1637.34 3.89886
1638.3 3.92741
1639.27 3.93438
1640.23 3.94033
1641.19 3.946
1642.16 3.95289
1643.12 3.95181
1644.09 3.92303
1645.05 3.8541
1646.02 3.8776
1646.98 3.92511
1647.94 3.94942
1648.91 3.99611
1649.87 3.98347
1650.84 3.89473
1651.8 3.73674
1652.77 3.75816
1653.73 3.98286
1654.69 4.04512
1655.66 4.06003
1656.62 4.05202
1657.59 4.05842
1658.55 4.06092
1659.52 4.06601
1660.48 4.06052
1661.44 4.03069
1662.41 4.02139
1663.37 4.09531
1664.34 4.11493
1665.3 4.11332
1666.27 4.11014
1667.23 4.08615
1668.19 4.02963
1669.16 4.05262
1670.12 4.12119
1671.09 4.12059
1672.05 4.15089
1673.02 4.15065
1673.98 4.08276
1674.94 4.07349
1675.91 4.19586
1676.87 4.21938
1677.84 4.20493
1678.8 4.19627
1679.77 4.19209
1680.73 4.21248
1681.69 4.18321
1682.66 4.09825
1683.62 4.03138
1684.59 4.15574
1685.55 4.32096
1686.52 4.2973
1687.48 4.27187
1688.44 4.28126
1689.41 4.29302
1690.37 4.31165
1691.34 4.33122
1692.3 4.33606
1693.27 4.32212
1694.23 4.24482
1695.19 4.17678
1696.16 4.34215
1697.12 4.39133
1698.09 4.3131
1699.05 4.18315
1700.02 4.17066
1700.98 4.42582
1701.94 4.44892
1702.91 4.40239
1703.87 4.37972
1704.84 4.39594
1705.8 4.3985
1706.77 4.43939
1707.73 4.47059
1708.69 4.46463
1709.66 4.46432
1710.62 4.47851
1711.59 4.48451
1712.55 4.4665
1713.52 4.43394
1714.48 4.41836
1715.44 4.43626
1716.41 4.38448
1717.37 4.38242
1718.34 4.48061
1719.3 4.52747
1720.26 4.53125
1721.23 4.52305
1722.19 4.52073
1723.16 4.51946
1724.12 4.5333
1725.09 4.5368
1726.05 4.53884
1727.01 4.53866
1727.98 4.53093
1728.94 4.50662
1729.91 4.50874
1730.87 4.52287
1731.84 4.47033
1732.8 4.38109
1733.76 4.37933
1734.73 4.51961
1735.69 4.56859
1736.66 4.53128
1737.62 4.50815
1738.59 4.46189
1739.55 4.46053
1740.51 4.52811
1741.48 4.52036
1742.44 4.4892
1743.41 4.49866
1744.37 4.51186
1745.34 4.50029
1746.3 4.4795
1747.26 4.46429
1748.23 4.45709
1749.19 4.46476
1750.16 4.42839
1751.12 4.44352
1752.09 4.52476
1753.05 4.51733
1754.01 4.50568
1754.98 4.48822
1755.94 4.46252
1756.91 4.48313
1757.87 4.51399
1758.84 4.50745
1759.8 4.49275
1760.76 4.45088
1761.73 4.47248
1762.69 4.52916
1763.66 4.52598
1764.62 4.52347
1765.59 4.52518
1766.55 4.50411
1767.51 4.48694
1768.48 4.53457
1769.44 4.5434
1770.41 4.48945
1771.37 4.45686
1772.34 4.49886
1773.3 4.60584
1774.26 4.61157
1775.23 4.60832
1776.19 4.63866
1777.16 4.65705
1778.12 4.65955
1779.09 4.65835
1780.05 4.65786
1781.01 4.68857
1781.98 4.70724
1782.94 4.70618
1783.91 4.69618
1784.87 4.71468
1785.84 4.74821
1786.8 4.7563
1787.76 4.76266
1788.73 4.76913
1789.69 4.75935
1790.66 4.745
1791.62 4.72998
1792.59 4.77472
1793.55 4.85271
1794.51 4.85403
1795.48 4.86012
1796.44 4.88276
1797.41 4.89972
1798.37 4.89569
1799.34 4.90604
1800.3 4.94027
1801.26 4.95955
1802.23 4.99046
1803.19 5.02523
1804.16 5.04386
1805.12 5.06461
1806.09 5.08797
1807.05 5.11017
1808.01 5.14095
1808.98 5.16328
1809.94 5.18152
1810.91 5.23073
1811.87 5.28119
1812.84 5.32461
1813.8 5.37257
1814.76 5.4279
1815.73 5.50364
1816.69 5.58985
1817.66 5.66568
1818.62 5.71416
1819.59 5.74874
1820.55 5.77805
1821.51 5.79982
1822.48 5.81634
1823.44 5.82437
1824.41 5.82293
1825.37 5.87069
1826.33 5.92264
1827.3 5.93226
1828.26 5.92864
1829.23 5.92976
1830.19 5.99565
1831.16 6.05849
1832.12 6.07879
1833.08 6.10526
1834.05 6.13705
1835.01 6.16778
1835.98 6.19201
1836.94 6.22084
1837.91 6.25872
1838.87 6.29099
1839.83 6.31976
1840.8 6.3443
1841.76 6.36169
1842.73 6.35015
1843.69 6.35001
1844.66 6.46226
1845.62 6.51676
1846.58 6.52131
1847.55 6.54765
1848.51 6.5862
1849.48 6.61669
1850.44 6.64554
1851.41 6.67655
1852.37 6.70635
1853.33 6.73424
1854.3 6.76093
1855.26 6.7897
1856.23 6.81675
1857.19 6.84193
1858.16 6.86874
1859.12 6.89583
1860.08 6.92004
1861.05 6.94576
1862.01 6.97529
1862.98 7.00238
1863.94 7.02765
1864.91 7.0478
1865.87 7.06529
1866.83 7.07959
1867.8 7.08948
1868.76 7.1175
1869.73 7.18515
1870.69 7.22847
1871.65 7.24757
1872.62 7.27543
1873.58 7.30495
1874.55 7.33538
1875.51 7.36322
1876.48 7.39211
1877.44 7.4218
1878.4 7.45104
1879.37 7.48064
1880.33 7.51352
1881.3 7.54498
1882.26 7.57988
1883.23 7.61155
1884.19 7.63988
1885.15 7.6702
1886.12 7.70021
1887.08 7.72564
1888.05 7.74296
1889.01 7.76637
1889.98 7.82616
1890.94 7.87092
1891.9 7.89718
1892.87 7.92545
1893.83 7.95348
1894.8 7.98648
1895.76 8.02943
1896.73 8.06452
1897.69 8.09723
1898.65 8.12999
1899.62 8.16218
1900.58 8.19583
1901.55 8.23074
1902.51 8.26475
1903.48 8.29942
1904.44 8.33471
1905.4 8.36946
1906.37 8.40442
1907.33 8.43914
1908.3 8.47328
1909.26 8.50741
1910.23 8.54883
1911.19 8.58909
1912.15 8.62347
1913.12 8.66084
1914.08 8.69914
1915.05 8.7354
1916.01 8.76108
1916.98 8.77495
1917.94 8.82285
1918.9 8.88869
1919.87 8.91488
1920.83 8.94858
1921.8 8.98952
1922.76 9.05145
1923.73 9.12449
1924.69 9.18673
1925.65 9.24881
1926.62 9.31412
1927.58 9.37471
1928.55 9.43423
1929.51 9.49242
1930.48 9.55533
1931.44 9.61603
1932.4 9.67838
1933.37 9.74379
1934.33 9.80763
1935.3 9.86739
1936.26 9.93054
1937.23 9.99096
1938.19 10.0547
1939.15 10.1201
1940.12 10.1839
1941.08 10.2339
1942.05 10.2918
1943.01 10.3747
1943.98 10.443
1944.94 10.5018
1945.9 10.57
1946.87 10.6367
1947.83 10.7066
1948.8 10.7749
1949.76 10.8463
1950.73 10.9155
1951.69 10.9819
1952.65 11.0471
1953.62 11.1179
1954.58 11.1924
1955.55 11.2819
1956.51 11.386
1957.48 11.4983
1958.44 11.628
1959.4 11.7659
1960.37 11.8539
1961.33 11.9239
1962.3 11.9896
1963.26 12.0573
1964.23 12.1214
1965.19 12.1802
1966.15 12.236
1967.12 12.3063
1968.08 12.3811
1969.05 12.4503
1970.01 12.5152
1970.98 12.5831
1971.94 12.6467
1972.9 12.7107
1973.87 12.7735
1974.83 12.8399
1975.8 12.8938
1976.76 12.9272
1977.73 12.8846
1978.69 12.7343
1979.65 12.5455
1980.62 12.4017
1981.58 12.298
1982.55 12.2197
1983.51 12.1494
1984.47 12.096
1985.44 12.0491
1986.4 12.0109
1987.37 11.973
1988.33 11.9501
1989.3 11.9283
1990.26 11.9056
1991.22 11.8824
1992.19 11.8809
1993.15 11.8823
1994.12 11.881
1995.08 11.8813
1996.05 11.8887
1997.01 11.8987
1997.97 11.9251
1998.94 11.9597
1999.9 12.0062
2000.87 12.0598
2001.83 12.1266
2002.8 12.2017
2003.76 12.2957
2004.72 12.4118
2005.69 12.5425
2006.65 12.6286
2007.62 12.6567
2008.58 12.6542
2009.55 12.6587
2010.51 12.6624
2011.47 12.6728
2012.44 12.6864
2013.4 12.7019
2014.37 12.7114
2015.33 12.7272
2016.3 12.7424
2017.26 12.7618
2018.22 12.78
2019.19 12.8005
2020.15 12.8117
2021.12 12.8272
2022.08 12.8388
2023.05 12.8541
2024.01 12.863
2024.97 12.876
2025.94 12.8814
2026.9 12.8871
2027.87 12.8867
2028.83 12.8883
2029.8 12.8898
2030.76 12.889
2031.72 12.8799
2032.69 12.8667
2033.65 12.8307
2034.62 12.7663
2035.58 12.6719
2036.55 12.5752
2037.51 12.4807
2038.47 12.3934
2039.44 12.3086
2040.4 12.2345
2041.37 12.1607
2042.33 12.0915
2043.3 12.0227
2044.26 11.9616
2045.22 11.8921
2046.19 11.8223
2047.15 11.7459
2048.12 11.6589
2049.08 11.5208
2050.05 11.3001
2051.01 11.0736
2051.97 10.9597
2052.94 10.9225
2053.9 10.8742
2054.87 10.7928
2055.83 10.7183
2056.8 10.6594
2057.76 10.6123
2058.72 10.5672
2059.69 10.529
2060.65 10.4917
2061.62 10.4566
2062.58 10.4155
2063.55 10.3772
2064.51 10.3379
2065.47 10.3033
2066.44 10.2644
2067.4 10.2227
2068.37 10.1786
2069.33 10.1381
2070.3 10.0947
2071.26 10.0517
2072.22 10.0054
2073.19 9.96041
2074.15 9.91306
2075.12 9.86732
2076.08 9.8158
2077.05 9.76581
2078.01 9.71852
2078.97 9.67193
2079.94 9.6231
2080.9 9.5786
2081.87 9.5355
2082.83 9.49957
2083.8 9.46587
2084.76 9.43762
2085.72 9.4104
2086.69 9.38776
2087.65 9.36652
2088.62 9.3536
2089.58 9.34649
2090.55 9.35176
2091.51 9.36719
2092.47 9.39706
2093.44 9.43531
2094.4 9.4692
2095.37 9.48051
2096.33 9.4728
2097.3 9.4561
2098.26 9.44259
2099.22 9.42207
2100.19 9.40193
2101.15 9.38534
2102.12 9.37221
2103.08 9.35524
2104.05 9.34331
2105.01 9.3291
2105.97 9.31352
2106.94 9.29552
2107.9 9.28047
2108.87 9.26324
2109.83 9.24623
2110.8 9.22705
2111.76 9.21189
2112.72 9.19554
2113.69 9.17791
2114.65 9.16336
2115.62 9.16201
2116.58 9.16776
2117.55 9.1843
2118.51 9.20778
2119.47 9.23694
2120.44 9.2613
2121.4 9.29612
2122.37 9.34359
2123.33 9.3963
2124.3 9.45147
2125.26 9.51711
2126.22 9.58931
2127.19 9.67265
2128.15 9.75936
2129.12 9.85884
2130.08 9.97267
2131.05 10.1016
2132.01 10.2479
2132.97 10.4079
2133.94 10.5454
2134.9 10.6562
2135.87 10.7468
2136.83 10.833
2137.8 10.9178
2138.76 11.0094
2139.72 11.101
2140.69 11.1953
2141.65 11.2844
2142.62 11.3837
2143.58 11.4854
2144.55 11.5889
2145.51 11.6874
2146.47 11.7897
2147.44 11.8842
2148.4 11.9749
2149.37 12.0624
2150.33 12.1697
2151.3 12.2866
2152.26 12.4154
2153.22 12.5572
2154.19 12.7229
2155.15 12.9085
2156.12 13.137
2157.08 13.3819
2158.05 13.5658
2159.01 13.5567
2159.97 13.4079
2160.94 13.2327
2161.9 13.0884
2162.87 12.9594
2163.83 12.852
2164.8 12.7436
2165.76 12.6304
2166.72 12.5113
2167.69 12.4129
2168.65 12.3361
2169.62 12.2802
2170.58 12.2296
2171.55 12.2011
2172.51 12.1853
2173.47 12.1915
2174.44 12.1954
2175.4 12.1791
2176.37 12.1371
2177.33 12.1005
2178.29 12.0746
2179.26 12.0732
2180.22 12.0746
2181.19 12.0678
2182.15 12.031
2183.12 11.9808
2184.08 11.924
2185.04 11.8653
2186.01 11.8001
2186.97 11.7453
2187.94 11.6898
2188.9 11.6402
2189.87 11.589
2190.83 11.543
2191.79 11.4922
2192.76 11.4475
2193.72 11.4021
2194.69 11.3615
2195.65 11.3213
2196.62 11.2852
2197.58 11.247
2198.54 11.2163
2199.51 11.18
2200.47 11.1497
2201.44 11.1141
2202.4 11.08
2203.37 11.0481
2204.33 11.021
2205.29 10.9882
2206.26 10.9623
2207.22 10.9329
2208.19 10.9049
2209.15 10.8731
2210.11 10.8437
2211.08 10.8117
2212.04 10.7821
2213.01 10.7494
2213.97 10.7206
2214.94 10.6853
2215.9 10.6521
2216.86 10.6194
2217.83 10.592
2218.79 10.5599
2219.76 10.5274
2220.72 10.4913
2221.69 10.4591
2222.65 10.4221
2223.61 10.387
2224.58 10.3506
2225.54 10.3177
2226.51 10.2804
2227.47 10.2442
2228.44 10.2044
2229.4 10.1683
2230.36 10.1268
2231.33 10.09
2232.29 10.0497
2233.26 10.011
2234.22 9.97025
2235.19 9.93011
2236.15 9.88998
2237.11 9.8531
2238.08 9.8107
2239.04 9.76964
2240.01 9.72834
2240.97 9.69159
2241.94 9.65044
2242.9 9.61296
2243.86 9.57332
2244.83 9.53214
2245.79 9.49241
2246.76 9.45803
2247.72 9.42323
2248.69 9.39233
2249.65 9.36211
2250.61 9.33233
2251.58 9.29941
2252.54 9.27152
2253.51 9.24313
2254.47 9.20821
2255.44 9.1615
2256.4 9.11197
2257.36 9.06054
2258.33 9.01034
2259.29 8.96094
2260.26 8.91957
2261.22 8.8809
2262.19 8.84863
2263.15 8.81214
2264.11 8.77115
2265.08 8.73007
2266.04 8.68937
2267.01 8.64194
2267.97 8.58958
2268.94 8.53324
2269.9 8.4805
2270.86 8.42541
2271.83 8.3715
2272.79 8.31706
2273.76 8.25935
2274.72 8.19775
2275.69 8.13843
2276.65 8.07901
2277.61 8.01973
2278.58 7.95602
2279.54 7.88893
2280.51 7.81575
2281.47 7.74029
2282.44 7.662
2283.4 7.58011
2284.36 7.49478
2285.33 7.40902
2286.29 7.32711
2287.26 7.24876
2288.22 7.16817
2289.19 7.09049
2290.15 7.01594
2291.11 6.94495
2292.08 6.88201
2293.04 6.82136
2294.01 6.76398
2294.97 6.71088
2295.94 6.67309
2296.9 6.6345
2297.86 6.59713
2298.83 6.55151
2299.79 6.49978
2300.76 6.44698
2301.72 6.39053
2302.69 6.33867
2303.65 6.2848
2304.61 6.23871
2305.58 6.18905
2306.54 6.13835
2307.51 6.09323
2308.47 6.04228
2309.44 6.00422
2310.4 5.94823
2311.36 5.91283
2312.33 5.84948
2313.29 5.81776
2314.26 5.75367
2315.22 5.71719
2316.19 5.64721
2317.15 5.60466
2318.11 5.53541
2319.08 5.48573
2320.04 5.40936
2321.01 5.34322
2321.97 5.24652
2322.94 5.1402
2323.9 5.0101
2324.86 4.92198
2325.83 4.87467
2326.79 4.86809
2327.76 4.87632
2328.72 4.89305
2329.69 4.91479
2330.65 4.94003
2331.61 4.96831
2332.58 4.99715
2333.54 5.02956
2334.51 5.06435
2335.47 5.11043
2336.44 5.16484
2337.4 5.22258
2338.36 5.28188
2339.33 5.35589
2340.29 5.43187
2341.26 5.50587
2342.22 5.58004
2343.18 5.66667
2344.15 5.76337
2345.11 5.85496
2346.08 5.93825
2347.04 6.01809
2348.01 6.08543
2348.97 6.15363
2349.93 6.26391
2350.9 6.41498
2351.86 6.56682
2352.83 6.70508
2353.79 6.83784
2354.76 6.96353
2355.72 7.08015
2356.68 7.19611
2357.65 7.31319
2358.61 7.43703
2359.58 7.5683
2360.54 7.71882
2361.51 7.90363
2362.47 8.12387
2363.43 8.37836
2364.4 8.66862
2365.36 8.98252
2366.33 9.29165
2367.29 9.56096
2368.26 9.75362
2369.22 9.85024
2370.18 9.84304
2371.15 9.75315
2372.11 9.60084
2373.08 9.40723
2374.04 9.19088
2375.01 8.96497
2375.97 8.73641
2376.93 8.5137
2377.9 8.30521
2378.86 8.11266
2379.83 7.9364
2380.79 7.77116
2381.76 7.6235
2382.72 7.49388
2383.68 7.376
2384.65 7.26203
2385.61 7.15835
2386.58 7.06377
2387.54 6.9748
2388.51 6.89341
2389.47 6.8215
2390.43 6.7515
2391.4 6.68885
2392.36 6.63439
2393.33 6.58723
2394.29 6.54483
2395.26 6.50914
2396.22 6.47881
2397.18 6.45731
2398.15 6.43843
2399.11 6.42638
2400.08 6.42012
2401.04 6.42177
2402.01 6.4229
2402.97 6.42949
2403.93 6.44154
2404.9 6.45453
2405.86 6.46499
2406.83 6.47477
2407.79 6.48205
2408.76 6.49131
2409.72 6.4973
2410.68 6.50615
2411.65 6.51593
2412.61 6.52648
2413.58 6.53723
2414.54 6.5495
2415.51 6.56018
2416.47 6.57165
2417.43 6.58325
2418.4 6.59525
2419.36 6.60364
2420.33 6.61456
2421.29 6.62392
2422.26 6.63536
2423.22 6.64269
2424.18 6.65173
2425.15 6.65985
2426.11 6.66625
2427.08 6.67118
2428.04 6.67861
2429.01 6.68532
2429.97 6.69102
2430.93 6.69464
2431.9 6.69631
2432.86 6.69613
2433.83 6.69944
2434.79 6.70135
2435.76 6.70269
2436.72 6.70192
2437.68 6.70261
2438.65 6.70055
2439.61 6.70082
2440.58 6.70061
2441.54 6.69955
2442.51 6.69395
2443.47 6.68749
2444.43 6.68005
2445.4 6.67458
2446.36 6.66866
2447.33 6.66137
2448.29 6.65248
2449.26 6.64633
2450.22 6.63779
2451.18 6.62786
2452.15 6.61785
2453.11 6.60671
2454.08 6.59363
2455.04 6.58474
2456.01 6.57626
2456.97 6.56803
2457.93 6.56098
2458.9 6.55871
2459.86 6.55462
2460.83 6.54999
2461.79 6.54591
2462.76 6.54535
2463.72 6.54459
2464.68 6.54591
2465.65 6.54617
2466.61 6.54535
2467.58 6.54304
2468.54 6.54718
2469.51 6.54929
2470.47 6.54971
2471.43 6.55339
2472.4 6.56068
2473.36 6.56343
2474.33 6.56493
2475.29 6.56715
2476.26 6.56997
2477.22 6.57147
2478.18 6.57581
2479.15 6.58077
2480.11 6.58414
2481.08 6.58471
2482.04 6.58803
2483.01 6.59186
2483.97 6.59384
2484.93 6.59455
2485.9 6.59886
2486.86 6.60166
2487.83 6.6028
2488.79 6.60245
2489.76 6.60425
2490.72 6.60529
2491.68 6.60766
2492.65 6.60782
2493.61 6.60676
2494.58 6.60577
2495.54 6.60734
2496.51 6.60808
2497.47 6.60752
2498.43 6.60735
2499.4 6.61075
2500.36 6.6122
2501.33 6.61424
2502.29 6.61441
2503.26 6.61448
2504.22 6.61406
2505.18 6.61452
2506.15 6.6144
2507.11 6.61583
2508.08 6.61588
2509.04 6.61798
2510.01 6.61835
2510.97 6.62026
2511.93 6.62121
2512.9 6.62309
2513.86 6.62448
2514.83 6.62372
2515.79 6.62119
2516.76 6.61908
2517.72 6.61934
2518.68 6.61943
2519.65 6.61558
2520.61 6.61303
2521.58 6.61236
2522.54 6.61388
2523.51 6.6118
2524.47 6.61068
2525.43 6.60796
2526.4 6.6059
2527.36 6.60603
2528.33 6.60714
2529.29 6.60414
2530.26 6.60127
2531.22 6.59398
2532.18 6.5875
2533.15 6.58595
2534.11 6.58639
2535.08 6.58213
2536.04 6.57678
2537 6.57457
2537.97 6.57215
2538.93 6.56627
2539.9 6.56107
2540.86 6.55589
2541.83 6.55163
2542.79 6.54535
2543.75 6.53956
2544.72 6.53293
2545.68 6.52512
2546.65 6.51817
2547.61 6.51152
2548.58 6.50201
2549.54 6.49637
2550.5 6.49268
2551.47 6.48551
2552.43 6.47432
2553.4 6.46433
2554.36 6.45441
2555.33 6.44555
2556.29 6.43522
2557.25 6.42865
2558.22 6.42026
2559.18 6.40743
2560.15 6.39536
2561.11 6.38595
2562.08 6.37535
2563.04 6.36542
2564 6.35209
2564.97 6.33997
2565.93 6.32625
2566.9 6.31542
2567.86 6.30383
2568.82 6.29024
2569.79 6.27611
2570.75 6.26293
2571.72 6.24843
2572.68 6.23342
2573.65 6.21743
2574.61 6.20169
2575.57 6.18391
2576.54 6.16786
2577.5 6.1524
2578.47 6.13683
2579.43 6.11875
2580.4 6.10102
2581.36 6.08246
2582.32 6.06476
2583.29 6.04542
2584.25 6.02726
2585.22 6.00805
2586.18 5.9879
2587.15 5.96649
2588.11 5.94617
2589.07 5.92411
2590.04 5.90279
2591 5.88274
2591.97 5.86202
2592.93 5.83931
2593.9 5.81627
2594.86 5.79135
2595.82 5.76721
2596.79 5.74261
2597.75 5.71986
2598.72 5.69593
2599.68 5.66983
2600.65 5.64374
2601.61 5.61941
2602.57 5.5933
2603.54 5.56411
2604.5 5.53271
2605.47 5.50417
2606.43 5.47694
2607.4 5.44853
2608.36 5.41954
2609.32 5.39181
2610.29 5.36108
2611.25 5.32778
2612.22 5.29703
2613.18 5.26809
2614.15 5.23692
2615.11 5.20415
2616.07 5.16929
2617.04 5.13786
2618 5.10691
2618.97 5.0743
2619.93 5.03999
2620.9 5.00589
2621.86 4.97226
2622.82 4.93617
2623.79 4.9004
2624.75 4.8652
2625.72 4.82649
2626.68 4.78919
2627.65 4.75273
2628.61 4.71502
2629.57 4.67752
2630.54 4.64072
2631.5 4.6025
2632.47 4.56368
2633.43 4.52605
2634.4 4.48884
2635.36 4.44919
2636.32 4.41163
2637.29 4.37395
2638.25 4.33539
2639.22 4.29805
2640.18 4.25787
2641.15 4.21529
2642.11 4.17569
2643.07 4.13732
2644.04 4.0989
2645 4.06005
2645.97 4.02253
2646.93 3.98639
2647.9 3.94875
2648.86 3.90909
2649.82 3.8713
2650.79 3.83691
2651.75 3.80393
2652.72 3.76892
2653.68 3.7342
2654.65 3.69971
2655.61 3.66592
2656.57 3.63451
2657.54 3.60708
2658.5 3.58023
2659.47 3.55537
2660.43 3.53509
2661.4 3.51715
2662.36 3.50045
2663.32 3.48724
2664.29 3.47675
2665.25 3.46919
2666.22 3.46452
2667.18 3.463
2668.15 3.45922
2669.11 3.45448
2670.07 3.45417
2671.04 3.45517
2672 3.45244
2672.97 3.45046
2673.93 3.45007
2674.9 3.45047
2675.86 3.4501
2676.82 3.44825
2677.79 3.44719
2678.75 3.44642
2679.72 3.44589
2680.68 3.44618
2681.65 3.44456
2682.61 3.44415
2683.57 3.44483
2684.54 3.44651
2685.5 3.44689
2686.47 3.44506
2687.43 3.44581
2688.4 3.44883
2689.36 3.44963
2690.32 3.44931
2691.29 3.45013
2692.25 3.44838
2693.22 3.44613
2694.18 3.44854
2695.15 3.44845
2696.11 3.44742
2697.07 3.44862
2698.04 3.45073
2699 3.44973
2699.97 3.44729
2700.93 3.44637
2701.89 3.44711
2702.86 3.44838
2703.82 3.45252
2704.79 3.45322
2705.75 3.45197
2706.72 3.45199
2707.68 3.45238
2708.64 3.44978
2709.61 3.44834
2710.57 3.45188
2711.54 3.45796
2712.5 3.45974
2713.47 3.46062
2714.43 3.45907
2715.39 3.45658
2716.36 3.45779
2717.32 3.45958
2718.29 3.46056
2719.25 3.46411
2720.22 3.46628
2721.18 3.46405
2722.14 3.46312
2723.11 3.46578
2724.07 3.46637
2725.04 3.46705
2726 3.46826
2726.97 3.46935
2727.93 3.47028
2728.89 3.47409
2729.86 3.47625
2730.82 3.47332
2731.79 3.4727
2732.75 3.47639
2733.72 3.4791
2734.68 3.47832
2735.64 3.48056
2736.61 3.48266
2737.57 3.48059
2738.54 3.48047
2739.5 3.48555
2740.47 3.48835
2741.43 3.48663
2742.39 3.48739
2743.36 3.49085
2744.32 3.4923
2745.29 3.49236
2746.25 3.4921
2747.22 3.49078
2748.18 3.49491
2749.14 3.49964
2750.11 3.50059
2751.07 3.50027
2752.04 3.50269
2753 3.50516
2753.97 3.5064
2754.93 3.50594
2755.89 3.50675
2756.86 3.5083
2757.82 3.50902
2758.79 3.51101
2759.75 3.51353
2760.72 3.51518
2761.68 3.51759
2762.64 3.51982
2763.61 3.52024
2764.57 3.52009
2765.54 3.52356
2766.5 3.52732
2767.47 3.52939
2768.43 3.5277
2769.39 3.52757
2770.36 3.53081
2771.32 3.53586
2772.29 3.5382
2773.25 3.53814
2774.22 3.54012
2775.18 3.54246
2776.14 3.54378
2777.11 3.54407
2778.07 3.54482
2779.04 3.54795
2780 3.55195
2780.97 3.55381
2781.93 3.55551
2782.89 3.55957
2783.86 3.56298
2784.82 3.56599
2785.79 3.56825
2786.75 3.56841
2787.72 3.56738
2788.68 3.5672
2789.64 3.571
2790.61 3.57365
2791.57 3.57483
2792.54 3.57858
2793.5 3.5825
2794.47 3.58445
2795.43 3.58584
2796.39 3.59084
2797.36 3.59169
2798.32 3.58692
2799.29 3.58857
2800.25 3.59723
2801.22 3.60166
2802.18 3.60155
2803.14 3.6021
2804.11 3.60322
2805.07 3.60657
2806.04 3.60938
2807 3.61268
2807.97 3.61687
2808.93 3.61848
2809.89 3.62044
2810.86 3.62625
2811.82 3.6308
2812.79 3.63356
2813.75 3.6349
2814.72 3.63439
2815.68 3.63651
2816.64 3.641
2817.61 3.64551
2818.57 3.64676
2819.54 3.64851
2820.5 3.65183
2821.47 3.65426
2822.43 3.65417
2823.39 3.65635
2824.36 3.65842
2825.32 3.66056
2826.29 3.66565
2827.25 3.6704
2828.22 3.67394
2829.18 3.67989
2830.14 3.68494
2831.11 3.68676
2832.07 3.68942
2833.04 3.69411
2834 3.69806
2834.97 3.70461
2835.93 3.71496
2836.89 3.71959
2837.86 3.71859
2838.82 3.71958
2839.79 3.7253
2840.75 3.73331
2841.72 3.74098
2842.68 3.7459
2843.64 3.74676
2844.61 3.74822
2845.57 3.75454
2846.54 3.76058
2847.5 3.76363
2848.47 3.76849
2849.43 3.77801
2850.39 3.78395
2851.36 3.78268
2852.32 3.78283
2853.29 3.78709
2854.25 3.78795
2855.22 3.78685
2856.18 3.78695
2857.14 3.78757
2858.11 3.7868
2859.07 3.7854
2860.04 3.78659
2861 3.78917
2861.97 3.79205
2862.93 3.79401
2863.89 3.79538
2864.86 3.79792
2865.82 3.79908
2866.79 3.79681
2867.75 3.80216
2868.72 3.81042
2869.68 3.81596
2870.64 3.81763
2871.61 3.81647
2872.57 3.81716
2873.54 3.81985
2874.5 3.8249
2875.47 3.8314
2876.43 3.8353
2877.39 3.83663
2878.36 3.83728
2879.32 3.84179
2880.29 3.84862
2881.25 3.8535
2882.22 3.8554
2883.18 3.85648
2884.14 3.85891
2885.11 3.86284
2886.07 3.86847
2887.04 3.87344
2888 3.87764
2888.96 3.8825
2889.93 3.8849
2890.89 3.88559
2891.86 3.8882
2892.82 3.89293
2893.79 3.90023
2894.75 3.90516
2895.71 3.90758
2896.68 3.91336
2897.64 3.92005
2898.61 3.92524
2899.57 3.92833
2900.54 3.93017
2901.5 3.93412
2902.46 3.93767
2903.43 3.94033
2904.39 3.94549
2905.36 3.95222
2906.32 3.95879
2907.29 3.96519
2908.25 3.97154
2909.21 3.9754
2910.18 3.97827
2911.14 3.98467
2912.11 3.99102
2913.07 3.99356
2914.04 3.99767
2915 4.00644
2915.96 4.01404
2916.93 4.0225
2917.89 4.03031
2918.86 4.03689
2919.82 4.04296
2920.78 4.05033
2921.75 4.05893
2922.71 4.06486
2923.68 4.06509
2924.64 4.06599
2925.61 4.06753
2926.57 4.06815
2927.53 4.0702
2928.5 4.0683
2929.46 4.06618
2930.43 4.07114
2931.39 4.07631
2932.36 4.07718
2933.32 4.07659
2934.28 4.07802
2935.25 4.08265
2936.21 4.08287
2937.18 4.08334
2938.14 4.09006
2939.11 4.09839
2940.07 4.1019
2941.03 4.10146
2942 4.09813
2942.96 4.09426
2943.93 4.0918
2944.89 4.0942
2945.86 4.09874
2946.82 4.09954
2947.78 4.1053
2948.75 4.11507
2949.71 4.12135
2950.68 4.12268
2951.64 4.1219
2952.61 4.12665
2953.57 4.13337
2954.53 4.13751
2955.5 4.14126
2956.46 4.1445
2957.43 4.14912
2958.39 4.15422
2959.36 4.15739
2960.32 4.16104
2961.28 4.1629
2962.25 4.16654
2963.21 4.17306
2964.18 4.17594
2965.14 4.17625
2966.11 4.17973
2967.07 4.18457
2968.03 4.19016
2969 4.19528
2969.96 4.19741
2970.93 4.20169
2971.89 4.20652
2972.86 4.2074
2973.82 4.20495
2974.78 4.20555
2975.75 4.21072
2976.71 4.21486
2977.68 4.21357
2978.64 4.21145
2979.61 4.21841
2980.57 4.2248
2981.53 4.22607
2982.5 4.22813
2983.46 4.23244
2984.43 4.23684
2985.39 4.23889
2986.36 4.23794
2987.32 4.2381
2988.28 4.24214
2989.25 4.24896
2990.21 4.25042
2991.18 4.24782
2992.14 4.24803
2993.11 4.25454
2994.07 4.25849
2995.03 4.26296
2996 4.26777
2996.96 4.26877
2997.93 4.27188
2998.89 4.27787
2999.86 4.28494
3000.82 4.29094
3001.78 4.2937
3002.75 4.29529
3003.71 4.29823
3004.68 4.30529
3005.64 4.31285
3006.61 4.31549
3007.57 4.31503
3008.53 4.31597
3009.5 4.31975
3010.46 4.32241
3011.43 4.32241
3012.39 4.32819
3013.36 4.33616
3014.32 4.3424
3015.28 4.34726
3016.25 4.3517
3017.21 4.35343
3018.18 4.35547
3019.14 4.35669
3020.11 4.36183
3021.07 4.3711
3022.03 4.37735
3023 4.38148
3023.96 4.38407
3024.93 4.38737
3025.89 4.3937
3026.86 4.39864
3027.82 4.40187
3028.78 4.40189
3029.75 4.4007
3030.71 4.4027
3031.68 4.40751
3032.64 4.41178
3033.61 4.41429
3034.57 4.41746
3035.53 4.42428
3036.5 4.43216
3037.46 4.44002
3038.43 4.44176
3039.39 4.44108
3040.36 4.44258
3041.32 4.44452
3042.28 4.44733
3043.25 4.45761
3044.21 4.46633
3045.18 4.4676
3046.14 4.47021
3047.11 4.47756
3048.07 4.48305
3049.03 4.48565
3050 4.48545
3050.96 4.48578
3051.93 4.49258
3052.89 4.49931
3053.86 4.50223
3054.82 4.50518
3055.78 4.50794
3056.75 4.51188
3057.71 4.51941
3058.68 4.52629
3059.64 4.52869
3060.61 4.53283
3061.57 4.53757
3062.53 4.53758
3063.5 4.53495
3064.46 4.53718
3065.43 4.54119
3066.39 4.54233
3067.36 4.54865
3068.32 4.55934
3069.28 4.56733
3070.25 4.56938
3071.21 4.57169
3072.18 4.57578
3073.14 4.57993
3074.11 4.58259
3075.07 4.58584
3076.03 4.5905
3077 4.59321
3077.96 4.59339
3078.93 4.59686
3079.89 4.6041
3080.86 4.60789
3081.82 4.61108
3082.78 4.61427
3083.75 4.61945
3084.71 4.62756
3085.68 4.63409
3086.64 4.63844
3087.61 4.64524
3088.57 4.64944
3089.53 4.65257
3090.5 4.65822
3091.46 4.66323
3092.43 4.66906
3093.39 4.67508
3094.36 4.67886
3095.32 4.68156
3096.28 4.6891
3097.25 4.70012
3098.21 4.70614
3099.18 4.70692
3100.14 4.70912
3101.11 4.71839
3102.07 4.72856
3103.03 4.73678
3104 4.75281
3104.96 4.78484
3105.93 4.83815
3106.89 4.88274
3107.86 4.86389
3108.82 4.81716
3109.78 4.79808
3110.75 4.79466
3111.71 4.79071
3112.68 4.78803
3113.64 4.78402
3114.6 4.77874
3115.57 4.77859
3116.53 4.77855
3117.5 4.77974
3118.46 4.78391
3119.43 4.78557
3120.39 4.78843
3121.35 4.79036
3122.32 4.79535
3123.28 4.80171
3124.25 4.80541
3125.21 4.80833
3126.18 4.80752
3127.14 4.80961
3128.1 4.81635
3129.07 4.82017
3130.03 4.82008
3131 4.82138
3131.96 4.82337
3132.93 4.83054
3133.89 4.83982
3134.85 4.84617
3135.82 4.85403
3136.78 4.86238
3137.75 4.86539
3138.71 4.86462
3139.68 4.86661
3140.64 4.87448
3141.6 4.88625
3142.57 4.89947
3143.53 4.91049
3144.5 4.91486
3145.46 4.91651
3146.43 4.91827
3147.39 4.92054
3148.35 4.92032
3149.32 4.91924
3150.28 4.92137
3151.25 4.92391
3152.21 4.92401
3153.18 4.92838
3154.14 4.93597
3155.1 4.943
3156.07 4.94926
3157.03 4.94977
3158 4.95032
3158.96 4.94971
3159.93 4.94961
3160.89 4.95321
3161.85 4.9622
3162.82 4.97395
3163.78 4.9798
3164.75 4.98098
3165.71 4.98047
3166.68 4.9827
3167.64 4.98545
3168.6 4.98879
3169.57 4.99348
3170.53 5.00138
3171.5 5.00681
3172.46 5.01348
3173.43 5.02164
3174.39 5.02155
3175.35 5.01739
3176.32 5.01692
3177.28 5.0209
3178.25 5.03223
3179.21 5.03904
3180.18 5.04006
3181.14 5.04667
3182.1 5.05052
3183.07 5.04659
3184.03 5.04518
3185 5.04758
3185.96 5.05636
3186.93 5.06681
3187.89 5.07064
3188.85 5.06606
3189.82 5.06971
3190.78 5.08415
3191.75 5.0899
3192.71 5.08433
3193.68 5.07785
3194.64 5.07644
3195.6 5.07944
3196.57 5.08369
3197.53 5.08649
3198.5 5.09092
3199.46 5.09595
3200.43 5.0979
3201.39 5.09321
3202.35 5.08538
3203.32 5.07809
3204.28 5.07176
3205.25 5.07013
3206.21 5.07354
3207.18 5.07505
3208.14 5.07257
3209.1 5.06993
3210.07 5.06961
3211.03 5.06689
3212 5.06769
3212.96 5.07051
3213.93 5.06819
3214.89 5.06477
3215.85 5.06166
3216.82 5.06469
3217.78 5.06877
3218.75 5.06691
3219.71 5.06541
3220.68 5.06616
3221.64 5.06578
3222.6 5.06762
3223.57 5.06958
3224.53 5.0719
3225.5 5.07543
3226.46 5.0805
3227.43 5.08519
3228.39 5.08915
3229.35 5.0912
3230.32 5.09065
3231.28 5.08985
3232.25 5.08864
3233.21 5.08999
3234.18 5.09703
3235.14 5.10591
3236.1 5.11092
3237.07 5.11405
3238.03 5.11893
3239 5.12772
3239.96 5.133
3240.93 5.13012
3241.89 5.12853
3242.85 5.12849
3243.82 5.12383
3244.78 5.12406
3245.75 5.13051
3246.71 5.13146
3247.67 5.13524
3248.64 5.14244
3249.6 5.14849
3250.57 5.15252
3251.53 5.14556
3252.5 5.13595
3253.46 5.1303
3254.42 5.1292
3255.39 5.13565
3256.35 5.1513
3257.32 5.16325
3258.28 5.1532
3259.25 5.14014
3260.21 5.13471
3261.17 5.13676
3262.14 5.13679
3263.1 5.13449
3264.07 5.12819
3265.03 5.11937
3266 5.114
3266.96 5.11199
3267.92 5.11198
3268.89 5.12003
3269.85 5.13912
3270.82 5.18323
3271.78 5.21699
3272.75 5.18537
3273.71 5.13762
3274.67 5.11675
3275.64 5.1151
3276.6 5.11696
3277.57 5.11098
3278.53 5.10637
3279.49 5.10421
3280.46 5.1025
3281.42 5.096
3282.39 5.09546
3283.35 5.10156
3284.32 5.09263
3285.28 5.07241
3286.24 5.05755
3287.21 5.04286
3288.17 5.02817
3289.14 5.01924
3290.1 5.01193
3291.07 5.00208
3292.03 4.99322
3292.99 4.98542
3293.96 4.97754
3294.92 4.97062
3295.89 4.96828
3296.85 4.96803
3297.82 4.96807
3298.78 4.96498
3299.74 4.95988
3300.71 4.955
3301.67 4.94921
3302.64 4.94189
3303.6 4.9377
3304.57 4.93297
3305.53 4.92971
3306.49 4.92718
3307.46 4.923
3308.42 4.91631
3309.39 4.91067
3310.35 4.91023
3311.32 4.91225
3312.28 4.91144
3313.24 4.91042
3314.21 4.90813
3315.17 4.90416
3316.14 4.90121
3317.1 4.89571
3318.07 4.88823
3319.03 4.88634
3319.99 4.88347
3320.96 4.87837
3321.92 4.874
3322.89 4.87108
3323.85 4.86695
3324.82 4.85926
3325.78 4.85294
3326.74 4.85649
3327.71 4.86168
3328.67 4.85653
3329.64 4.84593
3330.6 4.84292
3331.57 4.84258
3332.53 4.8388
3333.49 4.83459
3334.46 4.83381
3335.42 4.82979
3336.39 4.82266
3337.35 4.81992
3338.32 4.81398
3339.28 4.81023
3340.24 4.81151
3341.21 4.81229
3342.17 4.81
3343.14 4.80646
3344.1 4.80303
3345.07 4.80346
3346.03 4.80363
3346.99 4.80173
3347.96 4.79596
3348.92 4.78959
3349.89 4.78455
3350.85 4.78013
3351.82 4.783
3352.78 4.7848
3353.74 4.77801
3354.71 4.77124
3355.67 4.76962
3356.64 4.76843
3357.6 4.7682
3358.57 4.7637
3359.53 4.75831
3360.49 4.75489
3361.46 4.75625
3362.42 4.75921
3363.39 4.75429
3364.35 4.74632
3365.32 4.73942
3366.28 4.73471
3367.24 4.73306
3368.21 4.73302
3369.17 4.72987
3370.14 4.73124
3371.1 4.73565
3372.07 4.73403
3373.03 4.73182
3373.99 4.72856
3374.96 4.72146
3375.92 4.71576
3376.89 4.7132
3377.85 4.71123
3378.82 4.71014
3379.78 4.70759
3380.74 4.70695
3381.71 4.70551
3382.67 4.70136
3383.64 4.69992
3384.6 4.70017
3385.57 4.69764
3386.53 4.69425
3387.49 4.6931
3388.46 4.69364
3389.42 4.68929
3390.39 4.68288
3391.35 4.67447
3392.32 4.672
3393.28 4.68039
3394.24 4.68233
3395.21 4.67831
3396.17 4.673
3397.14 4.67081
3398.1 4.67159
3399.07 4.66723
3400.03 4.66376
3400.99 4.66208
3401.96 4.66126
3402.92 4.66521
3403.89 4.66958
3404.85 4.66932
3405.82 4.6676
3406.78 4.66449
3407.74 4.65854
3408.71 4.65448
3409.67 4.65265
3410.64 4.65191
3411.6 4.64982
3412.57 4.6475
3413.53 4.64752
3414.49 4.64829
3415.46 4.65207
3416.42 4.65359
3417.39 4.65163
3418.35 4.64607
3419.32 4.63838
3420.28 4.63467
3421.24 4.63815
3422.21 4.63594
3423.17 4.63396
3424.14 4.63355
3425.1 4.63339
3426.07 4.63348
3427.03 4.63249
3427.99 4.6285
3428.96 4.62468
3429.92 4.62058
3430.89 4.62172
3431.85 4.62434
3432.82 4.62351
3433.78 4.62226
3434.74 4.61923
3435.71 4.61522
3436.67 4.61283
3437.64 4.61195
3438.6 4.6129
3439.57 4.61025
3440.53 4.60661
3441.49 4.6043
3442.46 4.60669
3443.42 4.60907
3444.39 4.60154
3445.35 4.59737
3446.32 4.58917
3447.28 4.59709
3448.24 4.60766
3449.21 4.60407
3450.17 4.60281
3451.14 4.60285
3452.1 4.60039
3453.07 4.5989
3454.03 4.60039
3454.99 4.59559
3455.96 4.59234
3456.92 4.59241
3457.89 4.59034
3458.85 4.58675
3459.82 4.58277
3460.78 4.58173
3461.74 4.58423
3462.71 4.59043
3463.67 4.5913
3464.64 4.58592
3465.6 4.58405
3466.57 4.58035
3467.53 4.5778
3468.49 4.57301
3469.46 4.57218
3470.42 4.57638
3471.39 4.57821
3472.35 4.57987
3473.31 4.57946
3474.28 4.57341
3475.24 4.57189
3476.21 4.57046
3477.17 4.5695
3478.14 4.56673
3479.1 4.5604
3480.06 4.55684
3481.03 4.55858
3481.99 4.55852
3482.96 4.56427
3483.92 4.56365
3484.89 4.56451
3485.85 4.56524
3486.81 4.5618
3487.78 4.55817
3488.74 4.56255
3489.71 4.55887
3490.67 4.55316
3491.64 4.55371
3492.6 4.5541
3493.56 4.54905
3494.53 4.54454
3495.49 4.54453
3496.46 4.54748
3497.42 4.54808
3498.39 4.54715
3499.35 4.54544
3500.31 4.54222
3501.28 4.53837
3502.24 4.53019
3503.21 4.53229
3504.17 4.5414
3505.14 4.54268
3506.1 4.54116
3507.06 4.54024
3508.03 4.53115
3508.99 4.52196
3509.96 4.53251
3510.92 4.53511
3511.89 4.53473
3512.85 4.52909
3513.81 4.52447
3514.78 4.52275
3515.74 4.52317
3516.71 4.52411
3517.67 4.52601
3518.64 4.52141
3519.6 4.51717
3520.56 4.51001
3521.53 4.50497
3522.49 4.49731
3523.46 4.4987
3524.42 4.49644
3525.39 4.49657
3526.35 4.49482
3527.31 4.49533
3528.28 4.49154
3529.24 4.49815
3530.21 4.50336
3531.17 4.50361
3532.14 4.5007
3533.1 4.4916
3534.06 4.48601
3535.03 4.48156
3535.99 4.47953
3536.96 4.49108
3537.92 4.49036
3538.89 4.48472
3539.85 4.48244
3540.81 4.4816
3541.78 4.47059
3542.74 4.46202
3543.71 4.45622
3544.67 4.4514
3545.64 4.45446
3546.6 4.45454
3547.56 4.46975
3548.53 4.46752
3549.49 4.4586
3550.46 4.45092
3551.42 4.44022
3552.39 4.45356
3553.35 4.45635
3554.31 4.4552
3555.28 4.45273
3556.24 4.44553
3557.21 4.44289
3558.17 4.4391
3559.14 4.42415
3560.1 4.42485
3561.06 4.42917
3562.03 4.4188
3562.99 4.40792
3563.96 4.40556
3564.92 4.37247
3565.89 4.35245
3566.85 4.36814
3567.81 4.38379
3568.78 4.43723
3569.74 4.4209
3570.71 4.41002
3571.67 4.41178
3572.64 4.40579
3573.6 4.40115
3574.56 4.39868
3575.53 4.39136
3576.49 4.38183
3577.46 4.38511
3578.42 4.38031
3579.39 4.37592
3580.35 4.38384
3581.31 4.37975
3582.28 4.36858
3583.24 4.36181
3584.21 4.35697
3585.17 4.31505
3586.14 4.28122
3587.1 4.32011
3588.06 4.3045
3589.03 4.36014
3589.99 4.36962
3590.96 4.33801
3591.92 4.31201
3592.89 4.30196
3593.85 4.31237
3594.81 4.28955
3595.78 4.31249
3596.74 4.31615
3597.71 4.29085
3598.67 4.28407
3599.63 4.27123
3600.6 4.26577
3601.56 4.28296
3602.53 4.27633
3603.49 4.2725
3604.46 4.26413
3605.42 4.24013
3606.38 4.19896
3607.35 4.2196
3608.31 4.17814
3609.28 4.21184
3610.24 4.27238
3611.21 4.19528
3612.17 4.17817
3613.13 4.23826
3614.1 4.21854
3615.06 4.21713
3616.03 4.20717
3616.99 4.15269
3617.96 4.16063
3618.92 4.12743
3619.88 4.18564
3620.85 4.21382
3621.81 4.19025
3622.78 4.17664
3623.74 4.16639
3624.71 4.14447
3625.67 4.11662
3626.63 4.08012
3627.6 3.98577
3628.56 3.98122
3629.53 4.14251
3630.49 4.20721
3631.45 4.14387
3632.42 4.10081
3633.38 4.08029
3634.35 4.11754
3635.31 4.11403
3636.28 4.09605
3637.24 4.08258
3638.2 4.08629
3639.17 4.08625
3640.13 4.07677
3641.1 4.06268
3642.06 4.05281
3643.03 4.05883
3643.99 4.0428
3644.95 4.01306
3645.92 3.93974
3646.88 3.91395
3647.85 3.94153
3648.81 3.90298
3649.78 3.98096
3650.74 3.99563
3651.7 4.05334
3652.67 4.03006
3653.63 3.99633
3654.6 3.95714
3655.56 3.89078
3656.53 3.99596
3657.49 4.04901
3658.45 3.99384
3659.42 3.98417
3660.38 3.97934
3661.35 3.98393
3662.31 3.97009
3663.28 3.96471
3664.24 3.95513
3665.2 3.94983
3666.17 3.9338
3667.13 3.89654
3668.1 3.83449
3669.06 3.86046
3670.03 3.80518
3670.99 3.9473
3671.95 3.97864
3672.92 3.86825
3673.88 3.7606
3674.85 3.69832
3675.81 3.8676
3676.78 3.99134
3677.74 3.91772
3678.7 3.85852
3679.67 3.87871
3680.63 3.90396
3681.6 3.88221
3682.56 3.87552
3683.53 3.86432
3684.49 3.86024
3685.45 3.83803
3686.42 3.8066
3687.38 3.67526
3688.35 3.7514
3689.31 3.91101
3690.28 3.78338
3691.24 3.81545
3692.2 3.88566
3693.17 3.84657
3694.13 3.83125
3695.1 3.82164
3696.06 3.81615
3697.03 3.81986
3697.99 3.81404
3698.95 3.79983
3699.92 3.78283
3700.88 3.7269
3701.85 3.76648
3702.81 3.81739
3703.78 3.78589
3704.74 3.77498
3705.7 3.76362
3706.67 3.75524
3707.63 3.72638
3708.6 3.6545
3709.56 3.69936
3710.53 3.69217
3711.49 3.58055
3712.45 3.73845
3713.42 3.78725
3714.38 3.72139
3715.35 3.7197
3716.31 3.71108
3717.28 3.69456
3718.24 3.66557
3719.2 3.68347
3720.17 3.68851
3721.13 3.63437
3722.1 3.63668
3723.06 3.6862
3724.03 3.65312
3724.99 3.63787
3725.95 3.62578
3726.92 3.67643
3727.88 3.69563
3728.85 3.66544
3729.81 3.64677
3730.78 3.57156
3731.74 3.5246
3732.7 3.65994
3733.67 3.56348
3734.63 3.49963
3735.6 3.53432
3736.56 3.57791
3737.53 3.61732
3738.49 3.58445
3739.45 3.56589
3740.42 3.51004
3741.38 3.49817
3742.35 3.46504
3743.31 3.26596
3744.28 3.27235
3745.24 3.6609
3746.2 3.53804
3747.17 3.43337
3748.13 3.29529
3749.1 3.25497
3750.06 3.49456
3751.03 3.32341
3751.99 3.30491
3752.95 3.53023
3753.92 3.45227
3754.88 3.38892
3755.85 3.34576
3756.81 3.37325
3757.78 3.37228
3758.74 3.30211
3759.7 3.32739
3760.67 3.38726
3761.63 3.35169
3762.6 3.32978
3763.56 3.31389
3764.53 3.27158
3765.49 3.26699
3766.45 3.32289
3767.42 3.29722
3768.38 3.23598
3769.35 3.18271
3770.31 3.29307
3771.28 3.30498
3772.24 3.26937
3773.2 3.25333
3774.17 3.24762
3775.13 3.23562
3776.1 3.22137
3777.06 3.20779
3778.03 3.18144
3778.99 3.15084
3779.95 3.21921
3780.92 3.21749
3781.88 3.18846
3782.85 3.17829
3783.81 3.15971
3784.78 3.15996
3785.74 3.17278
3786.7 3.15962
3787.67 3.15224
3788.63 3.14344
3789.6 3.14627
3790.56 3.1375
3791.53 3.13135
3792.49 3.12104
3793.45 3.11399
3794.42 3.09585
3795.38 3.04388
3796.35 3.04716
3797.31 3.10196
3798.28 3.06446
3799.24 3.03931
3800.2 2.90764
3801.17 2.93319
3802.13 3.13334
3803.1 3.09149
3804.06 3.04594
3805.03 3.01284
3805.99 2.90602
3806.95 2.97791
3807.92 3.11738
3808.88 3.05389
3809.85 3.03057
3810.81 3.02133
3811.78 3.01266
3812.74 2.98726
3813.7 2.97631
3814.67 2.87718
3815.63 2.83518
3816.6 3.06827
3817.56 3.02708
3818.53 2.94159
3819.49 2.87038
3820.45 2.80306
3821.42 2.91875
3822.38 3.02601
3823.35 2.97528
3824.31 2.94677
3825.27 2.92124
3826.24 2.90215
3827.2 2.94602
3828.17 2.94759
3829.13 2.929
3830.1 2.89146
3831.06 2.841
3832.02 2.92311
3832.99 2.93025
3833.95 2.82118
3834.92 2.83589
3835.88 2.89176
3836.85 2.72801
3837.81 2.81993
3838.77 2.97436
3839.74 2.85212
3840.7 2.85258
3841.67 2.90342
3842.63 2.84679
3843.6 2.84005
3844.56 2.90091
3845.52 2.87833
3846.49 2.87116
3847.45 2.86107
3848.42 2.83994
3849.38 2.81818
3850.35 2.76565
3851.31 2.62866
3852.27 2.72131
3853.24 2.59843
3854.2 2.81207
3855.17 3.0459
3856.13 2.85798
3857.09 2.81979
3858.06 2.83488
3859.02 2.82388
3859.99 2.80381
3860.95 2.76166
3861.92 2.79227
3862.88 2.82076
3863.84 2.72999
3864.81 2.75381
3865.77 2.86169
3866.74 2.81943
3867.7 2.75549
3868.67 2.66619
3869.63 2.69126
3870.59 2.87063
3871.56 2.84587
3872.52 2.77594
3873.49 2.71874
3874.45 2.78919
3875.42 2.82588
3876.38 2.79366
3877.34 2.7798
3878.31 2.76407
3879.27 2.69517
3880.24 2.72557
3881.2 2.81362
3882.17 2.77302
3883.13 2.75222
3884.09 2.72271
3885.06 2.64294
3886.02 2.79046
3886.99 2.83932
3887.95 2.768
3888.92 2.75726
3889.88 2.70095
3890.84 2.66366
3891.81 2.78491
3892.77 2.79127
3893.74 2.76139
3894.7 2.76131
3895.67 2.74911
3896.63 2.73555
3897.59 2.70212
3898.56 2.64372
3899.52 2.73233
3900.49 2.71771
3901.45 2.65184
3902.42 2.73688
3903.38 2.65896
3904.34 2.71582
3905.31 2.76445
3906.27 2.75334
3907.24 2.75516
3908.2 2.73853
3909.17 2.73162
3910.13 2.72989
3911.09 2.73276
3912.06 2.73325
3913.02 2.72766
3913.99 2.72001
3914.95 2.70826
3915.92 2.67463
3916.88 2.68012
3917.84 2.73858
3918.81 2.70546
3919.77 2.6896
3920.74 2.73129
3921.7 2.71946
3922.67 2.69926
3923.63 2.68648
3924.59 2.68999
3925.56 2.72207
3926.52 2.7215
3927.49 2.70468
3928.45 2.69339
3929.42 2.68621
3930.38 2.69378
3931.34 2.67371
3932.31 2.6916
3933.27 2.7231
3934.24 2.70932
3935.2 2.70209
3936.17 2.69864
3937.13 2.69592
3938.09 2.69531
3939.06 2.69325
3940.02 2.68835
3940.99 2.6805
3941.95 2.65973
3942.92 2.69139
3943.88 2.70957
3944.84 2.69719
3945.81 2.68663
3946.77 2.67238
3947.74 2.68796
3948.7 2.69231
3949.67 2.68236
3950.63 2.69679
3951.59 2.69219
3952.56 2.68763
3953.52 2.69176
3954.49 2.68768
3955.45 2.68163
3956.42 2.68279
3957.38 2.68969
3958.34 2.68939
3959.31 2.6857
3960.27 2.68133
3961.24 2.6762
3962.2 2.68759
3963.17 2.68969
3964.13 2.68314
3965.09 2.68467
3966.06 2.68525
3967.02 2.68243
3967.99 2.67965
3968.95 2.67932
3969.92 2.68153
3970.88 2.678
3971.84 2.67766
3972.81 2.67837
3973.77 2.67707
3974.74 2.67564
3975.7 2.67655
3976.67 2.68165
3977.63 2.68189
3978.59 2.67983
3979.56 2.6806
3980.52 2.68461
3981.49 2.68582
3982.45 2.6813
3983.42 2.67888
3984.38 2.67962
3985.34 2.67956
3986.31 2.6782
3987.27 2.67948
3988.24 2.68037
3989.2 2.68212
3990.16 2.68302
3991.13 2.68784
3992.09 2.68936
3993.06 2.68532
3994.02 2.68314
3994.99 2.68551
3995.95 2.684
3996.91 2.68586
3997.88 2.68988
3998.84 2.68819
3999.81 2.68433
